0.0  0.003  0.0  1.0   0.00869
4.13393964448  0.003  0.0  1.0   0.00869
8.26787928896  0.002997  0.001  0.999   0.00869
12.4018189334  0.002991  0.003  0.997   0.00869
16.5357585779  0.002991  0.003  0.997   0.00869
20.6696982224  0.002985  0.005  0.995   0.00869
24.8036378669  0.002961  0.013  0.987   0.00869
28.9375775114  0.002961  0.013  0.987   0.00869
33.0715171558  0.00294  0.02  0.98   0.00869
37.2054568003  0.002964  0.012  0.988   0.00869
41.3393964448  0.00288  0.04  0.96   0.00869
45.4733360893  0.002898  0.034  0.966   0.00869
49.6072757338  0.002868  0.044  0.956   0.00869
53.7412153783  0.002847  0.051  0.949   0.00869
57.8751550227  0.002844  0.052  0.948   0.00869
62.0090946672  0.00285  0.05  0.95   0.00869
66.1430343117  0.002784  0.072  0.928   0.00869
70.2769739562  0.00279  0.07  0.93   0.00869
74.4109136007  0.002739  0.087  0.913   0.00869
78.5448532451  0.002733  0.089  0.911   0.00869
82.6787928896  0.002634  0.122  0.878   0.00869
86.8127325341  0.002613  0.129  0.871   0.00869
90.9466721786  0.002571  0.143  0.857   0.00869
95.0806118231  0.002607  0.131  0.869   0.00869
99.2145514675  0.002529  0.157  0.843   0.00869
103.348491112  0.002526  0.158  0.842   0.00869
107.482430757  0.002538  0.154  0.846   0.00869
111.616370401  0.002433  0.189  0.811   0.00869
115.750310045  0.002409  0.197  0.803   0.00869
119.88424969  0.002346  0.218  0.782   0.00869
124.018189334  0.002322  0.226  0.774   0.00869
128.152128979  0.002274  0.242  0.758   0.00869
132.286068623  0.002301  0.233  0.767   0.00869
136.420008268  0.002268  0.244  0.756   0.00869
140.553947912  0.00225  0.25  0.75   0.00869
144.687887557  0.002208  0.264  0.736   0.00869
148.821827201  0.002148  0.284  0.716   0.00869
152.955766846  0.002118  0.294  0.706   0.00869
157.08970649  0.002133  0.289  0.711   0.00869
161.223646135  0.002067  0.311  0.689   0.00869
165.357585779  0.001989  0.337  0.663   0.00869
169.491525424  0.00195  0.35  0.65   0.00869
173.625465068  0.001878  0.374  0.626   0.00869
177.759404713  0.001836  0.388  0.612   0.00869
181.893344357  0.001821  0.393  0.607   0.00869
186.027284002  0.001692  0.436  0.564   0.00869
190.161223646  0.001818  0.394  0.606   0.00869
194.295163291  0.001701  0.433  0.567   0.00869
198.429102935  0.001674  0.442  0.558   0.00869
202.56304258  0.001701  0.433  0.567   0.00869
206.696982224  0.001578  0.474  0.526   0.00869
210.830921869  0.001638  0.454  0.546   0.00869
214.964861513  0.001548  0.484  0.516   0.00869
219.098801158  0.001539  0.487  0.513   0.00869
223.232740802  0.00147  0.51  0.49   0.00869
227.366680446  0.001461  0.513  0.487   0.00869
231.500620091  0.001455  0.515  0.485   0.00869
235.634559735  0.001329  0.557  0.443   0.00869
239.76849938  0.001425  0.525  0.475   0.00869
243.902439024  0.001374  0.542  0.458   0.00869
248.036378669  0.001245  0.585  0.415   0.00869
252.170318313  0.001194  0.602  0.398   0.00869
256.304257958  0.001311  0.563  0.437   0.00869
260.438197602  0.00117  0.61  0.39   0.00869
264.572137247  0.001167  0.611  0.389   0.00869
268.706076891  0.001161  0.613  0.387   0.00869
272.840016536  0.001173  0.609  0.391   0.00869
276.97395618  0.001068  0.644  0.356   0.00869
281.107895825  0.001017  0.661  0.339   0.00869
285.241835469  0.001074  0.642  0.358   0.00869
289.375775114  0.001047  0.651  0.349   0.00869
293.509714758  0.000993  0.669  0.331   0.00869
297.643654403  0.001056  0.648  0.352   0.00869
301.777594047  0.001014  0.662  0.338   0.00869
305.911533692  0.000924  0.692  0.308   0.00869
310.045473336  0.000906  0.698  0.302   0.00869
314.179412981  0.000888  0.704  0.296   0.00869
318.313352625  0.000846  0.718  0.282   0.00869
322.44729227  0.000909  0.697  0.303   0.00869
326.581231914  0.000813  0.729  0.271   0.00869
330.715171558  0.000807  0.731  0.269   0.00869
334.849111203  0.000861  0.713  0.287   0.00869
338.983050847  0.000732  0.756  0.244   0.00869
343.116990492  0.000726  0.758  0.242   0.00869
347.250930136  0.000666  0.778  0.222   0.00869
351.384869781  0.000732  0.756  0.244   0.00869
355.518809425  0.000657  0.781  0.219   0.00869
359.65274907  0.000621  0.793  0.207   0.00869
363.786688714  0.000654  0.782  0.218   0.00869
367.920628359  0.000597  0.801  0.199   0.00869
372.054568003  0.000669  0.777  0.223   0.00869
376.188507648  0.000594  0.802  0.198   0.00869
380.322447292  0.000648  0.784  0.216   0.00869
384.456386937  0.000549  0.817  0.183   0.00869
388.590326581  0.0006  0.8  0.2   0.00869
392.724266226  0.000615  0.795  0.205   0.00869
396.85820587  0.000486  0.838  0.162   0.00869
400.992145515  0.000513  0.829  0.171   0.00869
405.126085159  0.00048  0.84  0.16   0.00869
409.260024804  0.000522  0.826  0.174   0.00869
413.393964448  0.000432  0.856  0.144   0.00869
417.527904093  0.000504  0.832  0.168   0.00869
421.661843737  0.000432  0.856  0.144   0.00869
425.795783382  0.000477  0.841  0.159   0.00869
429.929723026  0.000453  0.849  0.151   0.00869
434.063662671  0.000372  0.876  0.124   0.00869
438.197602315  0.000483  0.839  0.161   0.00869
442.331541959  0.000384  0.872  0.128   0.00869
446.465481604  0.000387  0.871  0.129   0.00869
450.599421248  0.000405  0.865  0.135   0.00869
454.733360893  0.000414  0.862  0.138   0.00869
458.867300537  0.000378  0.874  0.126   0.00869
463.001240182  0.000294  0.902  0.098   0.00869
467.135179826  0.000369  0.877  0.123   0.00869
471.269119471  0.000351  0.883  0.117   0.00869
475.403059115  0.000354  0.882  0.118   0.00869
479.53699876  0.000351  0.883  0.117   0.00869
483.670938404  0.000339  0.887  0.113   0.00869
487.804878049  0.000285  0.905  0.095   0.00869
491.938817693  0.000309  0.897  0.103   0.00869
496.072757338  0.0003  0.9  0.1   0.00869
500.206696982  0.00024  0.92  0.08   0.00869
504.340636627  0.000282  0.906  0.094   0.00869
508.474576271  0.000285  0.905  0.095   0.00869
512.608515916  0.000255  0.915  0.085   0.00869
516.74245556  0.000258  0.914  0.086   0.00869
520.876395205  0.000264  0.912  0.088   0.00869
525.010334849  0.000231  0.923  0.077   0.00869
529.144274494  0.00024  0.92  0.08   0.00869
533.278214138  0.000228  0.924  0.076   0.00869
537.412153783  0.000222  0.926  0.074   0.00869
541.546093427  0.000192  0.936  0.064   0.00869
545.680033072  0.000246  0.918  0.082   0.00869
549.813972716  0.000183  0.939  0.061   0.00869
553.94791236  0.00021  0.93  0.07   0.00869
558.081852005  0.000228  0.924  0.076   0.00869
562.215791649  0.000213  0.929  0.071   0.00869
566.349731294  0.000162  0.946  0.054   0.00869
570.483670938  0.000216  0.928  0.072   0.00869
574.617610583  0.000201  0.933  0.067   0.00869
578.751550227  0.000159  0.947  0.053   0.00869
582.885489872  0.000186  0.938  0.062   0.00869
587.019429516  0.000234  0.922  0.078   0.00869
591.153369161  0.000171  0.943  0.057   0.00869
595.287308805  0.000126  0.958  0.042   0.00869
599.42124845  0.000147  0.951  0.049   0.00869
603.555188094  0.000177  0.941  0.059   0.00869
607.689127739  0.000159  0.947  0.053   0.00869
611.823067383  0.000147  0.951  0.049   0.00869
615.957007028  0.000141  0.953  0.047   0.00869
620.090946672  0.000132  0.956  0.044   0.00869
624.224886317  0.000186  0.938  0.062   0.00869
628.358825961  0.000129  0.957  0.043   0.00869
632.492765606  0.000168  0.944  0.056   0.00869
636.62670525  0.000126  0.958  0.042   0.00869
640.760644895  0.000117  0.961  0.039   0.00869
644.894584539  0.000105  0.965  0.035   0.00869
649.028524184  0.000126  0.958  0.042   0.00869
653.162463828  0.000111  0.963  0.037   0.00869
657.296403473  0.000132  0.956  0.044   0.00869
661.430343117  0.000168  0.944  0.056   0.00869
665.564282761  0.000132  0.956  0.044   0.00869
669.698222406  0.00012  0.96  0.04   0.00869
673.83216205  0.000132  0.956  0.044   0.00869
677.966101695  0.000132  0.956  0.044   0.00869
682.100041339  0.000132  0.956  0.044   0.00869
686.233980984  0.000132  0.956  0.044   0.00869
690.367920628  0.000105  0.965  0.035   0.00869
694.501860273  0.000114  0.962  0.038   0.00869
698.635799917  9e-05  0.97  0.03   0.00869
702.769739562  0.000138  0.954  0.046   0.00869
706.903679206  0.000108  0.964  0.036   0.00869
711.037618851  0.000138  0.954  0.046   0.00869
715.171558495  0.000114  0.962  0.038   0.00869
719.30549814  0.000111  0.963  0.037   0.00869
723.439437784  0.000117  0.961  0.039   0.00869
727.573377429  0.000123  0.959  0.041   0.00869
731.707317073  9e-05  0.97  0.03   0.00869
735.841256718  0.000114  0.962  0.038   0.00869
739.975196362  9e-05  0.97  0.03   0.00869
744.109136007  8.1e-05  0.973  0.027   0.00869
748.243075651  9.3e-05  0.969  0.031   0.00869
752.377015296  8.4e-05  0.972  0.028   0.00869
756.51095494  7.8e-05  0.974  0.026   0.00869
760.644894585  0.000111  0.963  0.037   0.00869
764.778834229  9e-05  0.97  0.03   0.00869
768.912773874  8.1e-05  0.973  0.027   0.00869
773.046713518  8.4e-05  0.972  0.028   0.00869
777.180653162  7.5e-05  0.975  0.025   0.00869
781.314592807  0.000108  0.964  0.036   0.00869
785.448532451  7.8e-05  0.974  0.026   0.00869
789.582472096  9.9e-05  0.967  0.033   0.00869
793.71641174  8.4e-05  0.972  0.028   0.00869
797.850351385  6e-05  0.98  0.02   0.00869
801.984291029  5.4e-05  0.982  0.018   0.00869
806.118230674  8.4e-05  0.972  0.028   0.00869
810.252170318  7.8e-05  0.974  0.026   0.00869
814.386109963  7.2e-05  0.976  0.024   0.00869
818.520049607  6e-05  0.98  0.02   0.00869
822.653989252  7.2e-05  0.976  0.024   0.00869
826.787928896  6.9e-05  0.977  0.023   0.00869
830.921868541  4.5e-05  0.985  0.015   0.00869
835.055808185  5.7e-05  0.981  0.019   0.00869
839.18974783  8.4e-05  0.972  0.028   0.00869
843.323687474  7.2e-05  0.976  0.024   0.00869
847.457627119  4.8e-05  0.984  0.016   0.00869
851.591566763  7.2e-05  0.976  0.024   0.00869
855.725506408  6e-05  0.98  0.02   0.00869
859.859446052  4.5e-05  0.985  0.015   0.00869
863.993385697  6e-05  0.98  0.02   0.00869
868.127325341  5.1e-05  0.983  0.017   0.00869
872.261264986  5.4e-05  0.982  0.018   0.00869
876.39520463  4.8e-05  0.984  0.016   0.00869
880.529144274  6.6e-05  0.978  0.022   0.00869
884.663083919  6.9e-05  0.977  0.023   0.00869
888.797023563  5.4e-05  0.982  0.018   0.00869
892.930963208  3.3e-05  0.989  0.011   0.00869
897.064902852  6e-05  0.98  0.02   0.00869
901.198842497  5.1e-05  0.983  0.017   0.00869
905.332782141  3.6e-05  0.988  0.012   0.00869
909.466721786  5.7e-05  0.981  0.019   0.00869
913.60066143  6.9e-05  0.977  0.023   0.00869
917.734601075  5.7e-05  0.981  0.019   0.00869
921.868540719  6e-05  0.98  0.02   0.00869
926.002480364  4.8e-05  0.984  0.016   0.00869
930.136420008  7.5e-05  0.975  0.025   0.00869
934.270359653  4.8e-05  0.984  0.016   0.00869
938.404299297  2.1e-05  0.993  0.007   0.00869
942.538238942  4.8e-05  0.984  0.016   0.00869
946.672178586  4.8e-05  0.984  0.016   0.00869
950.806118231  3.6e-05  0.988  0.012   0.00869
954.940057875  4.2e-05  0.986  0.014   0.00869
959.07399752  6.3e-05  0.979  0.021   0.00869
963.207937164  4.8e-05  0.984  0.016   0.00869
967.341876809  3.3e-05  0.989  0.011   0.00869
971.475816453  3.9e-05  0.987  0.013   0.00869
975.609756098  3.9e-05  0.987  0.013   0.00869
979.743695742  3.9e-05  0.987  0.013   0.00869
983.877635387  3.3e-05  0.989  0.011   0.00869
988.011575031  4.5e-05  0.985  0.015   0.00869
992.145514675  3.3e-05  0.989  0.011   0.00869
996.27945432  3e-05  0.99  0.01   0.00869
1000.41339396  2.7e-05  0.991  0.009   0.00869
1004.54733361  3.9e-05  0.987  0.013   0.00869
1008.68127325  3.6e-05  0.988  0.012   0.00869
1012.8152129  3.6e-05  0.988  0.012   0.00869
1016.94915254  3.6e-05  0.988  0.012   0.00869
1021.08309219  4.2e-05  0.986  0.014   0.00869
1025.21703183  4.8e-05  0.984  0.016   0.00869
1029.35097148  3.9e-05  0.987  0.013   0.00869
1033.48491112  2.7e-05  0.991  0.009   0.00869
1037.61885076  2.1e-05  0.993  0.007   0.00869
1041.75279041  3.3e-05  0.989  0.011   0.00869
1045.88673005  2.4e-05  0.992  0.008   0.00869
1050.0206697  2.4e-05  0.992  0.008   0.00869
1054.15460934  2.4e-05  0.992  0.008   0.00869
1058.28854899  2.4e-05  0.992  0.008   0.00869
1062.42248863  4.2e-05  0.986  0.014   0.00869
1066.55642828  3.6e-05  0.988  0.012   0.00869
1070.69036792  3e-05  0.99  0.01   0.00869
1074.82430757  4.5e-05  0.985  0.015   0.00869
1078.95824721  3.6e-05  0.988  0.012   0.00869
1083.09218685  3.3e-05  0.989  0.011   0.00869
1087.2261265  3e-05  0.99  0.01   0.00869
1091.36006614  5.1e-05  0.983  0.017   0.00869
1095.49400579  3e-05  0.99  0.01   0.00869
1099.62794543  1.5e-05  0.995  0.005   0.00869
1103.76188508  2.7e-05  0.991  0.009   0.00869
1107.89582472  2.4e-05  0.992  0.008   0.00869
1112.02976437  2.4e-05  0.992  0.008   0.00869
1116.16370401  1.2e-05  0.996  0.004   0.00869
1120.29764365  2.4e-05  0.992  0.008   0.00869
1124.4315833  1.8e-05  0.994  0.006   0.00869
1128.56552294  3.3e-05  0.989  0.011   0.00869
1132.69946259  4.5e-05  0.985  0.015   0.00869
1136.83340223  5.1e-05  0.983  0.017   0.00869
1140.96734188  1.8e-05  0.994  0.006   0.00869
1145.10128152  3.6e-05  0.988  0.012   0.00869
1149.23522117  5.4e-05  0.982  0.018   0.00869
1153.36916081  2.7e-05  0.991  0.009   0.00869
1157.50310045  2.1e-05  0.993  0.007   0.00869
1161.6370401  9e-06  0.997  0.003   0.00869
1165.77097974  3.9e-05  0.987  0.013   0.00869
1169.90491939  1.8e-05  0.994  0.006   0.00869
1174.03885903  1.5e-05  0.995  0.005   0.00869
1178.17279868  3.6e-05  0.988  0.012   0.00869
1182.30673832  3.6e-05  0.988  0.012   0.00869
1186.44067797  4.5e-05  0.985  0.015   0.00869
1190.57461761  3e-05  0.99  0.01   0.00869
1194.70855726  2.7e-05  0.991  0.009   0.00869
1198.8424969  2.7e-05  0.991  0.009   0.00869
1202.97643654  6e-05  0.98  0.02   0.00869
1207.11037619  3e-05  0.99  0.01   0.00869
1211.24431583  1.8e-05  0.994  0.006   0.00869
1215.37825548  2.7e-05  0.991  0.009   0.00869
1219.51219512  3.9e-05  0.987  0.013   0.00869
1223.64613477  3e-05  0.99  0.01   0.00869
1227.78007441  9e-06  0.997  0.003   0.00869
1231.91401406  2.4e-05  0.992  0.008   0.00869
1236.0479537  3.6e-05  0.988  0.012   0.00869
1240.18189334  3e-05  0.99  0.01   0.00869
1244.31583299  2.1e-05  0.993  0.007   0.00869
1248.44977263  2.4e-05  0.992  0.008   0.00869
1252.58371228  2.4e-05  0.992  0.008   0.00869
1256.71765192  3.3e-05  0.989  0.011   0.00869
1260.85159157  3.9e-05  0.987  0.013   0.00869
1264.98553121  2.1e-05  0.993  0.007   0.00869
1269.11947086  3e-05  0.99  0.01   0.00869
1273.2534105  3.3e-05  0.989  0.011   0.00869
1277.38735014  1.5e-05  0.995  0.005   0.00869
1281.52128979  2.7e-05  0.991  0.009   0.00869
1285.65522943  2.7e-05  0.991  0.009   0.00869
1289.78916908  2.4e-05  0.992  0.008   0.00869
1293.92310872  2.4e-05  0.992  0.008   0.00869
1298.05704837  2.1e-05  0.993  0.007   0.00869
1302.19098801  2.7e-05  0.991  0.009   0.00869
1306.32492766  2.1e-05  0.993  0.007   0.00869
1310.4588673  3e-05  0.99  0.01   0.00869
1314.59280695  3e-05  0.99  0.01   0.00869
1318.72674659  5.1e-05  0.983  0.017   0.00869
1322.86068623  2.7e-05  0.991  0.009   0.00869
1326.99462588  3.6e-05  0.988  0.012   0.00869
1331.12856552  2.1e-05  0.993  0.007   0.00869
1335.26250517  3.6e-05  0.988  0.012   0.00869
1339.39644481  3e-05  0.99  0.01   0.00869
1343.53038446  3e-05  0.99  0.01   0.00869
1347.6643241  2.1e-05  0.993  0.007   0.00869
1351.79826375  3e-05  0.99  0.01   0.00869
1355.93220339  4.5e-05  0.985  0.015   0.00869
1360.06614303  2.1e-05  0.993  0.007   0.00869
1364.20008268  2.1e-05  0.993  0.007   0.00869
1368.33402232  3e-05  0.99  0.01   0.00869
1372.46796197  2.4e-05  0.992  0.008   0.00869
1376.60190161  3.6e-05  0.988  0.012   0.00869
1380.73584126  3.3e-05  0.989  0.011   0.00869
1384.8697809  3e-05  0.99  0.01   0.00869
1389.00372055  2.4e-05  0.992  0.008   0.00869
1393.13766019  2.4e-05  0.992  0.008   0.00869
1397.27159983  1.8e-05  0.994  0.006   0.00869
1401.40553948  1.5e-05  0.995  0.005   0.00869
1405.53947912  1.8e-05  0.994  0.006   0.00869
1409.67341877  3.9e-05  0.987  0.013   0.00869
1413.80735841  3e-05  0.99  0.01   0.00869
1417.94129806  4.2e-05  0.986  0.014   0.00869
1422.0752377  2.7e-05  0.991  0.009   0.00869
1426.20917735  1.2e-05  0.996  0.004   0.00869
1430.34311699  3.6e-05  0.988  0.012   0.00869
1434.47705663  2.1e-05  0.993  0.007   0.00869
1438.61099628  3e-05  0.99  0.01   0.00869
1442.74493592  3.3e-05  0.989  0.011   0.00869
1446.87887557  9e-06  0.997  0.003   0.00869
1451.01281521  3e-05  0.99  0.01   0.00869
1455.14675486  1.8e-05  0.994  0.006   0.00869
1459.2806945  1.8e-05  0.994  0.006   0.00869
1463.41463415  1.8e-05  0.994  0.006   0.00869
1467.54857379  2.1e-05  0.993  0.007   0.00869
1471.68251344  3e-05  0.99  0.01   0.00869
1475.81645308  2.7e-05  0.991  0.009   0.00869
1479.95039272  1.2e-05  0.996  0.004   0.00869
1484.08433237  2.7e-05  0.991  0.009   0.00869
1488.21827201  3.6e-05  0.988  0.012   0.00869
1492.35221166  6e-06  0.998  0.002   0.00869
1496.4861513  1.8e-05  0.994  0.006   0.00869
1500.62009095  2.1e-05  0.993  0.007   0.00869
1504.75403059  2.7e-05  0.991  0.009   0.00869
1508.88797024  1.5e-05  0.995  0.005   0.00869
1513.02190988  1.8e-05  0.994  0.006   0.00869
1517.15584952  1.8e-05  0.994  0.006   0.00869
1521.28978917  2.1e-05  0.993  0.007   0.00869
1525.42372881  1.5e-05  0.995  0.005   0.00869
1529.55766846  3e-05  0.99  0.01   0.00869
1533.6916081  9e-06  0.997  0.003   0.00869
1537.82554775  2.7e-05  0.991  0.009   0.00869
1541.95948739  1.8e-05  0.994  0.006   0.00869
1546.09342704  3.6e-05  0.988  0.012   0.00869
1550.22736668  1.8e-05  0.994  0.006   0.00869
1554.36130632  2.7e-05  0.991  0.009   0.00869
1558.49524597  1.2e-05  0.996  0.004   0.00869
1562.62918561  3.3e-05  0.989  0.011   0.00869
1566.76312526  3.9e-05  0.987  0.013   0.00869
1570.8970649  2.7e-05  0.991  0.009   0.00869
1575.03100455  2.4e-05  0.992  0.008   0.00869
1579.16494419  3.6e-05  0.988  0.012   0.00869
1583.29888384  3e-05  0.99  0.01   0.00869
1587.43282348  3e-05  0.99  0.01   0.00869
1591.56676313  9e-06  0.997  0.003   0.00869
1595.70070277  3.3e-05  0.989  0.011   0.00869
1599.83464241  2.7e-05  0.991  0.009   0.00869
1603.96858206  2.7e-05  0.991  0.009   0.00869
1608.1025217  2.1e-05  0.993  0.007   0.00869
1612.23646135  2.1e-05  0.993  0.007   0.00869
1616.37040099  2.4e-05  0.992  0.008   0.00869
1620.50434064  1.2e-05  0.996  0.004   0.00869
1624.63828028  2.4e-05  0.992  0.008   0.00869
1628.77221993  3e-05  0.99  0.01   0.00869
1632.90615957  3e-05  0.99  0.01   0.00869
1637.04009921  2.7e-05  0.991  0.009   0.00869
1641.17403886  1.8e-05  0.994  0.006   0.00869
1645.3079785  1.8e-05  0.994  0.006   0.00869
1649.44191815  3e-05  0.99  0.01   0.00869
1653.57585779  1.5e-05  0.995  0.005   0.00869
1657.70979744  1.5e-05  0.995  0.005   0.00869
1661.84373708  2.7e-05  0.991  0.009   0.00869
1665.97767673  1.8e-05  0.994  0.006   0.00869
1670.11161637  1.2e-05  0.996  0.004   0.00869
1674.24555601  2.7e-05  0.991  0.009   0.00869
1678.37949566  2.4e-05  0.992  0.008   0.00869
1682.5134353  2.4e-05  0.992  0.008   0.00869
1686.64737495  1.5e-05  0.995  0.005   0.00869
1690.78131459  2.4e-05  0.992  0.008   0.00869
1694.91525424  3.3e-05  0.989  0.011   0.00869
1699.04919388  3.6e-05  0.988  0.012   0.00869
1703.18313353  3e-06  0.999  0.001   0.00869
1707.31707317  2.4e-05  0.992  0.008   0.00869
1711.45101282  1.8e-05  0.994  0.006   0.00869
1715.58495246  2.7e-05  0.991  0.009   0.00869
1719.7188921  2.7e-05  0.991  0.009   0.00869
1723.85283175  2.7e-05  0.991  0.009   0.00869
1727.98677139  2.7e-05  0.991  0.009   0.00869
1732.12071104  1.8e-05  0.994  0.006   0.00869
1736.25465068  2.4e-05  0.992  0.008   0.00869
1740.38859033  3e-05  0.99  0.01   0.00869
1744.52252997  2.1e-05  0.993  0.007   0.00869
1748.65646962  3.3e-05  0.989  0.011   0.00869
1752.79040926  2.4e-05  0.992  0.008   0.00869
1756.9243489  1.8e-05  0.994  0.006   0.00869
1761.05828855  6e-06  0.998  0.002   0.00869
1765.19222819  2.4e-05  0.992  0.008   0.00869
1769.32616784  4.5e-05  0.985  0.015   0.00869
1773.46010748  3e-05  0.99  0.01   0.00869
1777.59404713  1.5e-05  0.995  0.005   0.00869
1781.72798677  9e-06  0.997  0.003   0.00869
1785.86192642  1.8e-05  0.994  0.006   0.00869
1789.99586606  2.7e-05  0.991  0.009   0.00869
1794.1298057  1.8e-05  0.994  0.006   0.00869
1798.26374535  1.8e-05  0.994  0.006   0.00869
1802.39768499  1.5e-05  0.995  0.005   0.00869
1806.53162464  2.7e-05  0.991  0.009   0.00869
1810.66556428  3.3e-05  0.989  0.011   0.00869
1814.79950393  2.4e-05  0.992  0.008   0.00869
1818.93344357  1.8e-05  0.994  0.006   0.00869
1823.06738322  1.5e-05  0.995  0.005   0.00869
1827.20132286  1.5e-05  0.995  0.005   0.00869
1831.33526251  1.5e-05  0.995  0.005   0.00869
1835.46920215  1.8e-05  0.994  0.006   0.00869
1839.60314179  1.8e-05  0.994  0.006   0.00869
1843.73708144  1.5e-05  0.995  0.005   0.00869
1847.87102108  2.1e-05  0.993  0.007   0.00869
1852.00496073  1.5e-05  0.995  0.005   0.00869
1856.13890037  3e-05  0.99  0.01   0.00869
1860.27284002  2.4e-05  0.992  0.008   0.00869
1864.40677966  2.7e-05  0.991  0.009   0.00869
1868.54071931  3.6e-05  0.988  0.012   0.00869
1872.67465895  2.4e-05  0.992  0.008   0.00869
1876.80859859  3e-05  0.99  0.01   0.00869
1880.94253824  2.7e-05  0.991  0.009   0.00869
1885.07647788  2.1e-05  0.993  0.007   0.00869
1889.21041753  1.8e-05  0.994  0.006   0.00869
1893.34435717  2.7e-05  0.991  0.009   0.00869
1897.47829682  1.2e-05  0.996  0.004   0.00869
1901.61223646  1.2e-05  0.996  0.004   0.00869
1905.74617611  2.4e-05  0.992  0.008   0.00869
1909.88011575  1.8e-05  0.994  0.006   0.00869
1914.01405539  9e-06  0.997  0.003   0.00869
1918.14799504  1.5e-05  0.995  0.005   0.00869
1922.28193468  2.1e-05  0.993  0.007   0.00869
1926.41587433  1.8e-05  0.994  0.006   0.00869
1930.54981397  1.8e-05  0.994  0.006   0.00869
1934.68375362  3.3e-05  0.989  0.011   0.00869
1938.81769326  1.8e-05  0.994  0.006   0.00869
1942.95163291  2.4e-05  0.992  0.008   0.00869
1947.08557255  3e-05  0.99  0.01   0.00869
1951.2195122  1.8e-05  0.994  0.006   0.00869
1955.35345184  2.4e-05  0.992  0.008   0.00869
1959.48739148  3e-05  0.99  0.01   0.00869
1963.62133113  2.1e-05  0.993  0.007   0.00869
1967.75527077  2.4e-05  0.992  0.008   0.00869
1971.88921042  2.1e-05  0.993  0.007   0.00869
1976.02315006  2.1e-05  0.993  0.007   0.00869
1980.15708971  2.4e-05  0.992  0.008   0.00869
1984.29102935  2.7e-05  0.991  0.009   0.00869
1988.424969  1.5e-05  0.995  0.005   0.00869
1992.55890864  1.8e-05  0.994  0.006   0.00869
1996.69284828  1.5e-05  0.995  0.005   0.00869
2000.82678793  2.7e-05  0.991  0.009   0.00869
2004.96072757  9e-06  0.997  0.003   0.00869
2009.09466722  2.4e-05  0.992  0.008   0.00869
2013.22860686  3e-05  0.99  0.01   0.00869
2017.36254651  2.1e-05  0.993  0.007   0.00869
2021.49648615  1.2e-05  0.996  0.004   0.00869
2025.6304258  3.6e-05  0.988  0.012   0.00869
2029.76436544  2.1e-05  0.993  0.007   0.00869
2033.89830508  1.2e-05  0.996  0.004   0.00869
2038.03224473  2.4e-05  0.992  0.008   0.00869
2042.16618437  2.7e-05  0.991  0.009   0.00869
2046.30012402  1.8e-05  0.994  0.006   0.00869
2050.43406366  1.5e-05  0.995  0.005   0.00869
2054.56800331  1.8e-05  0.994  0.006   0.00869
2058.70194295  2.4e-05  0.992  0.008   0.00869
2062.8358826  1.8e-05  0.994  0.006   0.00869
2066.96982224  2.4e-05  0.992  0.008   0.00869
2071.10376189  9e-06  0.997  0.003   0.00869
2075.23770153  3e-05  0.99  0.01   0.00869
2079.37164117  2.7e-05  0.991  0.009   0.00869
2083.50558082  9e-06  0.997  0.003   0.00869
2087.63952046  3.6e-05  0.988  0.012   0.00869
2091.77346011  2.1e-05  0.993  0.007   0.00869
2095.90739975  3.3e-05  0.989  0.011   0.00869
2100.0413394  2.4e-05  0.992  0.008   0.00869
2104.17527904  1.8e-05  0.994  0.006   0.00869
2108.30921869  1.5e-05  0.995  0.005   0.00869
2112.44315833  2.7e-05  0.991  0.009   0.00869
2116.57709797  3.3e-05  0.989  0.011   0.00869
2120.71103762  1.8e-05  0.994  0.006   0.00869
2124.84497726  9e-06  0.997  0.003   0.00869
2128.97891691  3e-05  0.99  0.01   0.00869
2133.11285655  2.7e-05  0.991  0.009   0.00869
2137.2467962  1.2e-05  0.996  0.004   0.00869
2141.38073584  2.1e-05  0.993  0.007   0.00869
2145.51467549  1.8e-05  0.994  0.006   0.00869
2149.64861513  4.5e-05  0.985  0.015   0.00869
2153.78255477  3.9e-05  0.987  0.013   0.00869
2157.91649442  1.5e-05  0.995  0.005   0.00869
2162.05043406  2.4e-05  0.992  0.008   0.00869
2166.18437371  1.2e-05  0.996  0.004   0.00869
2170.31831335  3e-05  0.99  0.01   0.00869
2174.452253  2.1e-05  0.993  0.007   0.00869
2178.58619264  3.9e-05  0.987  0.013   0.00869
2182.72013229  1.2e-05  0.996  0.004   0.00869
2186.85407193  1.5e-05  0.995  0.005   0.00869
2190.98801158  2.7e-05  0.991  0.009   0.00869
2195.12195122  2.1e-05  0.993  0.007   0.00869
2199.25589086  1.5e-05  0.995  0.005   0.00869
2203.38983051  1.2e-05  0.996  0.004   0.00869
2207.52377015  2.7e-05  0.991  0.009   0.00869
2211.6577098  1.2e-05  0.996  0.004   0.00869
2215.79164944  1.2e-05  0.996  0.004   0.00869
2219.92558909  3e-06  0.999  0.001   0.00869
2224.05952873  2.1e-05  0.993  0.007   0.00869
2228.19346838  1.8e-05  0.994  0.006   0.00869
2232.32740802  1.8e-05  0.994  0.006   0.00869
2236.46134766  2.4e-05  0.992  0.008   0.00869
2240.59528731  1.5e-05  0.995  0.005   0.00869
2244.72922695  2.7e-05  0.991  0.009   0.00869
2248.8631666  2.7e-05  0.991  0.009   0.00869
2252.99710624  1.2e-05  0.996  0.004   0.00869
2257.13104589  3.9e-05  0.987  0.013   0.00869
2261.26498553  6e-06  0.998  0.002   0.00869
2265.39892518  3.6e-05  0.988  0.012   0.00869
2269.53286482  1.8e-05  0.994  0.006   0.00869
2273.66680446  2.4e-05  0.992  0.008   0.00869
2277.80074411  1.2e-05  0.996  0.004   0.00869
2281.93468375  1.8e-05  0.994  0.006   0.00869
2286.0686234  3e-05  0.99  0.01   0.00869
2290.20256304  2.7e-05  0.991  0.009   0.00869
2294.33650269  2.7e-05  0.991  0.009   0.00869
2298.47044233  2.1e-05  0.993  0.007   0.00869
2302.60438198  1.5e-05  0.995  0.005   0.00869
2306.73832162  1.5e-05  0.995  0.005   0.00869
2310.87226126  1.8e-05  0.994  0.006   0.00869
2315.00620091  3.3e-05  0.989  0.011   0.00869
2319.14014055  9e-06  0.997  0.003   0.00869
2323.2740802  1.5e-05  0.995  0.005   0.00869
2327.40801984  9e-06  0.997  0.003   0.00869
2331.54195949  1.8e-05  0.994  0.006   0.00869
2335.67589913  2.7e-05  0.991  0.009   0.00869
2339.80983878  2.7e-05  0.991  0.009   0.00869
2343.94377842  3.9e-05  0.987  0.013   0.00869
2348.07771807  1.5e-05  0.995  0.005   0.00869
2352.21165771  2.4e-05  0.992  0.008   0.00869
2356.34559735  1.8e-05  0.994  0.006   0.00869
2360.479537  1.2e-05  0.996  0.004   0.00869
2364.61347664  3.6e-05  0.988  0.012   0.00869
2368.74741629  3.9e-05  0.987  0.013   0.00869
2372.88135593  3.3e-05  0.989  0.011   0.00869
2377.01529558  1.5e-05  0.995  0.005   0.00869
2381.14923522  2.4e-05  0.992  0.008   0.00869
2385.28317487  2.7e-05  0.991  0.009   0.00869
2389.41711451  1.8e-05  0.994  0.006   0.00869
2393.55105415  2.7e-05  0.991  0.009   0.00869
2397.6849938  3e-05  0.99  0.01   0.00869
2401.81893344  2.4e-05  0.992  0.008   0.00869
2405.95287309  1.8e-05  0.994  0.006   0.00869
2410.08681273  3e-05  0.99  0.01   0.00869
2414.22075238  2.1e-05  0.993  0.007   0.00869
2418.35469202  3.9e-05  0.987  0.013   0.00869
2422.48863167  4.2e-05  0.986  0.014   0.00869
2426.62257131  1.8e-05  0.994  0.006   0.00869
2430.75651095  2.4e-05  0.992  0.008   0.00869
2434.8904506  4.2e-05  0.986  0.014   0.00869
2439.02439024  9e-06  0.997  0.003   0.00869
2443.15832989  3.9e-05  0.987  0.013   0.00869
2447.29226953  3.9e-05  0.987  0.013   0.00869
2451.42620918  2.7e-05  0.991  0.009   0.00869
2455.56014882  1.2e-05  0.996  0.004   0.00869
2459.69408847  9e-06  0.997  0.003   0.00869
2463.82802811  3.6e-05  0.988  0.012   0.00869
2467.96196776  1.8e-05  0.994  0.006   0.00869
2472.0959074  3.6e-05  0.988  0.012   0.00869
2476.22984704  2.4e-05  0.992  0.008   0.00869
2480.36378669  2.4e-05  0.992  0.008   0.00869
2484.49772633  1.8e-05  0.994  0.006   0.00869
2488.63166598  2.7e-05  0.991  0.009   0.00869
2492.76560562  3.3e-05  0.989  0.011   0.00869
2496.89954527  1.5e-05  0.995  0.005   0.00869
2501.03348491  3.3e-05  0.989  0.011   0.00869
2505.16742456  2.7e-05  0.991  0.009   0.00869
2509.3013642  3.3e-05  0.989  0.011   0.00869
2513.43530384  2.1e-05  0.993  0.007   0.00869
2517.56924349  1.2e-05  0.996  0.004   0.00869
2521.70318313  1.5e-05  0.995  0.005   0.00869
2525.83712278  3.3e-05  0.989  0.011   0.00869
2529.97106242  1.8e-05  0.994  0.006   0.00869
2534.10500207  2.7e-05  0.991  0.009   0.00869
2538.23894171  2.1e-05  0.993  0.007   0.00869
2542.37288136  3.9e-05  0.987  0.013   0.00869
2546.506821  2.4e-05  0.992  0.008   0.00869
2550.64076064  3.3e-05  0.989  0.011   0.00869
2554.77470029  2.7e-05  0.991  0.009   0.00869
2558.90863993  5.4e-05  0.982  0.018   0.00869
2563.04257958  6e-06  0.998  0.002   0.00869
2567.17651922  1.8e-05  0.994  0.006   0.00869
2571.31045887  3e-05  0.99  0.01   0.00869
2575.44439851  2.1e-05  0.993  0.007   0.00869
2579.57833816  1.2e-05  0.996  0.004   0.00869
2583.7122778  1.5e-05  0.995  0.005   0.00869
2587.84621745  3e-06  0.999  0.001   0.00869
2591.98015709  2.1e-05  0.993  0.007   0.00869
2596.11409673  2.7e-05  0.991  0.009   0.00869
2600.24803638  3.3e-05  0.989  0.011   0.00869
2604.38197602  2.7e-05  0.991  0.009   0.00869
2608.51591567  2.1e-05  0.993  0.007   0.00869
2612.64985531  2.1e-05  0.993  0.007   0.00869
2616.78379496  1.8e-05  0.994  0.006   0.00869
2620.9177346  2.7e-05  0.991  0.009   0.00869
2625.05167425  1.2e-05  0.996  0.004   0.00869
2629.18561389  2.7e-05  0.991  0.009   0.00869
2633.31955353  5.1e-05  0.983  0.017   0.00869
2637.45349318  1.8e-05  0.994  0.006   0.00869
2641.58743282  1.2e-05  0.996  0.004   0.00869
2645.72137247  1.5e-05  0.995  0.005   0.00869
2649.85531211  2.7e-05  0.991  0.009   0.00869
2653.98925176  1.8e-05  0.994  0.006   0.00869
2658.1231914  2.1e-05  0.993  0.007   0.00869
2662.25713105  3e-05  0.99  0.01   0.00869
2666.39107069  2.1e-05  0.993  0.007   0.00869
2670.52501033  3e-05  0.99  0.01   0.00869
2674.65894998  1.8e-05  0.994  0.006   0.00869
2678.79288962  2.1e-05  0.993  0.007   0.00869
2682.92682927  2.1e-05  0.993  0.007   0.00869
2687.06076891  3e-05  0.99  0.01   0.00869
2691.19470856  2.7e-05  0.991  0.009   0.00869
2695.3286482  2.1e-05  0.993  0.007   0.00869
2699.46258785  3e-05  0.99  0.01   0.00869
2703.59652749  2.1e-05  0.993  0.007   0.00869
2707.73046714  3.6e-05  0.988  0.012   0.00869
2711.86440678  1.8e-05  0.994  0.006   0.00869
2715.99834642  3e-05  0.99  0.01   0.00869
2720.13228607  2.4e-05  0.992  0.008   0.00869
2724.26622571  2.7e-05  0.991  0.009   0.00869
2728.40016536  2.4e-05  0.992  0.008   0.00869
2732.534105  2.7e-05  0.991  0.009   0.00869
2736.66804465  1.8e-05  0.994  0.006   0.00869
2740.80198429  2.4e-05  0.992  0.008   0.00869
2744.93592394  2.4e-05  0.992  0.008   0.00869
2749.06986358  2.1e-05  0.993  0.007   0.00869
2753.20380322  2.7e-05  0.991  0.009   0.00869
2757.33774287  2.4e-05  0.992  0.008   0.00869
2761.47168251  1.8e-05  0.994  0.006   0.00869
2765.60562216  9e-06  0.997  0.003   0.00869
2769.7395618  9e-06  0.997  0.003   0.00869
2773.87350145  2.4e-05  0.992  0.008   0.00869
2778.00744109  9e-06  0.997  0.003   0.00869
2782.14138074  1.5e-05  0.995  0.005   0.00869
2786.27532038  1.2e-05  0.996  0.004   0.00869
2790.40926002  1.5e-05  0.995  0.005   0.00869
2794.54319967  2.1e-05  0.993  0.007   0.00869
2798.67713931  2.1e-05  0.993  0.007   0.00869
2802.81107896  3.3e-05  0.989  0.011   0.00869
2806.9450186  2.4e-05  0.992  0.008   0.00869
2811.07895825  9e-06  0.997  0.003   0.00869
2815.21289789  2.1e-05  0.993  0.007   0.00869
2819.34683754  2.7e-05  0.991  0.009   0.00869
2823.48077718  2.4e-05  0.992  0.008   0.00869
2827.61471683  1.8e-05  0.994  0.006   0.00869
2831.74865647  6e-06  0.998  0.002   0.00869
2835.88259611  3.3e-05  0.989  0.011   0.00869
2840.01653576  2.7e-05  0.991  0.009   0.00869
2844.1504754  1.2e-05  0.996  0.004   0.00869
2848.28441505  1.8e-05  0.994  0.006   0.00869
2852.41835469  1.5e-05  0.995  0.005   0.00869
2856.55229434  3.9e-05  0.987  0.013   0.00869
2860.68623398  3.3e-05  0.989  0.011   0.00869
2864.82017363  2.1e-05  0.993  0.007   0.00869
2868.95411327  9e-06  0.997  0.003   0.00869
2873.08805291  2.1e-05  0.993  0.007   0.00869
2877.22199256  2.4e-05  0.992  0.008   0.00869
2881.3559322  2.4e-05  0.992  0.008   0.00869
2885.48987185  1.8e-05  0.994  0.006   0.00869
2889.62381149  3.6e-05  0.988  0.012   0.00869
2893.75775114  9e-06  0.997  0.003   0.00869
2897.89169078  3e-05  0.99  0.01   0.00869
2902.02563043  1.8e-05  0.994  0.006   0.00869
2906.15957007  2.1e-05  0.993  0.007   0.00869
2910.29350971  2.1e-05  0.993  0.007   0.00869
2914.42744936  2.4e-05  0.992  0.008   0.00869
2918.561389  2.7e-05  0.991  0.009   0.00869
2922.69532865  2.4e-05  0.992  0.008   0.00869
2926.82926829  2.1e-05  0.993  0.007   0.00869
2930.96320794  2.7e-05  0.991  0.009   0.00869
2935.09714758  1.8e-05  0.994  0.006   0.00869
2939.23108723  3e-05  0.99  0.01   0.00869
2943.36502687  2.7e-05  0.991  0.009   0.00869
2947.49896652  2.4e-05  0.992  0.008   0.00869
2951.63290616  3.3e-05  0.989  0.011   0.00869
2955.7668458  3.3e-05  0.989  0.011   0.00869
2959.90078545  2.7e-05  0.991  0.009   0.00869
2964.03472509  2.7e-05  0.991  0.009   0.00869
2968.16866474  2.4e-05  0.992  0.008   0.00869
2972.30260438  9e-06  0.997  0.003   0.00869
2976.43654403  1.5e-05  0.995  0.005   0.00869
2980.57048367  1.8e-05  0.994  0.006   0.00869
2984.70442332  1.8e-05  0.994  0.006   0.00869
2988.83836296  3.9e-05  0.987  0.013   0.00869
2992.9723026  6e-06  0.998  0.002   0.00869
2997.10624225  2.7e-05  0.991  0.009   0.00869
3001.24018189  3e-05  0.99  0.01   0.00869
3005.37412154  2.4e-05  0.992  0.008   0.00869
3009.50806118  2.7e-05  0.991  0.009   0.00869
3013.64200083  1.5e-05  0.995  0.005   0.00869
3017.77594047  1.8e-05  0.994  0.006   0.00869
3021.90988012  3e-05  0.99  0.01   0.00869
3026.04381976  2.4e-05  0.992  0.008   0.00869
3030.1777594  2.7e-05  0.991  0.009   0.00869
3034.31169905  2.1e-05  0.993  0.007   0.00869
3038.44563869  1.8e-05  0.994  0.006   0.00869
3042.57957834  1.8e-05  0.994  0.006   0.00869
3046.71351798  3.6e-05  0.988  0.012   0.00869
3050.84745763  3.3e-05  0.989  0.011   0.00869
3054.98139727  1.8e-05  0.994  0.006   0.00869
3059.11533692  1.2e-05  0.996  0.004   0.00869
3063.24927656  2.1e-05  0.993  0.007   0.00869
3067.38321621  2.7e-05  0.991  0.009   0.00869
3071.51715585  9e-06  0.997  0.003   0.00869
3075.65109549  1.8e-05  0.994  0.006   0.00869
3079.78503514  1.8e-05  0.994  0.006   0.00869
3083.91897478  1.8e-05  0.994  0.006   0.00869
3088.05291443  3e-05  0.99  0.01   0.00869
3092.18685407  1.8e-05  0.994  0.006   0.00869
3096.32079372  1.2e-05  0.996  0.004   0.00869
3100.45473336  1.5e-05  0.995  0.005   0.00869
3104.58867301  2.4e-05  0.992  0.008   0.00869
3108.72261265  1.5e-05  0.995  0.005   0.00869
3112.85655229  3.3e-05  0.989  0.011   0.00869
3116.99049194  1.5e-05  0.995  0.005   0.00869
3121.12443158  3.3e-05  0.989  0.011   0.00869
3125.25837123  1.5e-05  0.995  0.005   0.00869
3129.39231087  1.5e-05  0.995  0.005   0.00869
3133.52625052  2.7e-05  0.991  0.009   0.00869
3137.66019016  3e-06  0.999  0.001   0.00869
3141.79412981  1.5e-05  0.995  0.005   0.00869
3145.92806945  3.3e-05  0.989  0.011   0.00869
3150.06200909  2.1e-05  0.993  0.007   0.00869
3154.19594874  2.7e-05  0.991  0.009   0.00869
3158.32988838  1.8e-05  0.994  0.006   0.00869
3162.46382803  9e-06  0.997  0.003   0.00869
3166.59776767  3.9e-05  0.987  0.013   0.00869
3170.73170732  1.2e-05  0.996  0.004   0.00869
3174.86564696  1.5e-05  0.995  0.005   0.00869
3178.99958661  2.4e-05  0.992  0.008   0.00869
3183.13352625  2.4e-05  0.992  0.008   0.00869
3187.26746589  2.7e-05  0.991  0.009   0.00869
3191.40140554  2.1e-05  0.993  0.007   0.00869
3195.53534518  2.4e-05  0.992  0.008   0.00869
3199.66928483  1.8e-05  0.994  0.006   0.00869
3203.80322447  2.7e-05  0.991  0.009   0.00869
3207.93716412  2.7e-05  0.991  0.009   0.00869
3212.07110376  2.1e-05  0.993  0.007   0.00869
3216.20504341  2.4e-05  0.992  0.008   0.00869
3220.33898305  3e-05  0.99  0.01   0.00869
3224.4729227  1.2e-05  0.996  0.004   0.00869
3228.60686234  2.1e-05  0.993  0.007   0.00869
3232.74080198  1.5e-05  0.995  0.005   0.00869
3236.87474163  5.1e-05  0.983  0.017   0.00869
3241.00868127  1.5e-05  0.995  0.005   0.00869
3245.14262092  2.1e-05  0.993  0.007   0.00869
3249.27656056  2.1e-05  0.993  0.007   0.00869
3253.41050021  3e-05  0.99  0.01   0.00869
3257.54443985  2.1e-05  0.993  0.007   0.00869
3261.6783795  1.8e-05  0.994  0.006   0.00869
3265.81231914  3.3e-05  0.989  0.011   0.00869
3269.94625878  2.4e-05  0.992  0.008   0.00869
3274.08019843  2.7e-05  0.991  0.009   0.00869
3278.21413807  1.5e-05  0.995  0.005   0.00869
3282.34807772  3e-05  0.99  0.01   0.00869
3286.48201736  1.8e-05  0.994  0.006   0.00869
3290.61595701  2.1e-05  0.993  0.007   0.00869
3294.74989665  1.2e-05  0.996  0.004   0.00869
3298.8838363  2.4e-05  0.992  0.008   0.00869
3303.01777594  2.4e-05  0.992  0.008   0.00869
3307.15171558  1.8e-05  0.994  0.006   0.00869
3311.28565523  1.8e-05  0.994  0.006   0.00869
3315.41959487  1.8e-05  0.994  0.006   0.00869
3319.55353452  2.7e-05  0.991  0.009   0.00869
3323.68747416  3e-05  0.99  0.01   0.00869
3327.82141381  3e-05  0.99  0.01   0.00869
3331.95535345  2.4e-05  0.992  0.008   0.00869
3336.0892931  2.7e-05  0.991  0.009   0.00869
3340.22323274  2.4e-05  0.992  0.008   0.00869
3344.35717239  2.7e-05  0.991  0.009   0.00869
3348.49111203  1.5e-05  0.995  0.005   0.00869
3352.62505167  1.5e-05  0.995  0.005   0.00869
3356.75899132  2.4e-05  0.992  0.008   0.00869
3360.89293096  9e-06  0.997  0.003   0.00869
3365.02687061  2.4e-05  0.992  0.008   0.00869
3369.16081025  3e-05  0.99  0.01   0.00869
3373.2947499  3.6e-05  0.988  0.012   0.00869
3377.42868954  2.4e-05  0.992  0.008   0.00869
3381.56262919  2.1e-05  0.993  0.007   0.00869
3385.69656883  1.8e-05  0.994  0.006   0.00869
3389.83050847  1.8e-05  0.994  0.006   0.00869
3393.96444812  3.3e-05  0.989  0.011   0.00869
3398.09838776  9e-06  0.997  0.003   0.00869
3402.23232741  2.7e-05  0.991  0.009   0.00869
3406.36626705  2.1e-05  0.993  0.007   0.00869
3410.5002067  2.4e-05  0.992  0.008   0.00869
3414.63414634  1.8e-05  0.994  0.006   0.00869
3418.76808599  1.5e-05  0.995  0.005   0.00869
3422.90202563  1.2e-05  0.996  0.004   0.00869
3427.03596527  9e-06  0.997  0.003   0.00869
3431.16990492  1.8e-05  0.994  0.006   0.00869
3435.30384456  2.7e-05  0.991  0.009   0.00869
3439.43778421  1.5e-05  0.995  0.005   0.00869
3443.57172385  1.8e-05  0.994  0.006   0.00869
3447.7056635  3e-05  0.99  0.01   0.00869
3451.83960314  3e-06  0.999  0.001   0.00869
3455.97354279  2.1e-05  0.993  0.007   0.00869
3460.10748243  1.8e-05  0.994  0.006   0.00869
3464.24142208  2.7e-05  0.991  0.009   0.00869
3468.37536172  2.7e-05  0.991  0.009   0.00869
3472.50930136  2.1e-05  0.993  0.007   0.00869
3476.64324101  2.1e-05  0.993  0.007   0.00869
3480.77718065  1.8e-05  0.994  0.006   0.00869
3484.9111203  2.4e-05  0.992  0.008   0.00869
3489.04505994  2.4e-05  0.992  0.008   0.00869
3493.17899959  9e-06  0.997  0.003   0.00869
3497.31293923  3e-05  0.99  0.01   0.00869
3501.44687888  1.5e-05  0.995  0.005   0.00869
3505.58081852  6e-06  0.998  0.002   0.00869
3509.71475816  1.8e-05  0.994  0.006   0.00869
3513.84869781  2.1e-05  0.993  0.007   0.00869
3517.98263745  1.8e-05  0.994  0.006   0.00869
3522.1165771  1.2e-05  0.996  0.004   0.00869
3526.25051674  1.8e-05  0.994  0.006   0.00869
3530.38445639  2.1e-05  0.993  0.007   0.00869
3534.51839603  2.1e-05  0.993  0.007   0.00869
3538.65233568  1.2e-05  0.996  0.004   0.00869
3542.78627532  1.5e-05  0.995  0.005   0.00869
