0.0  0.003  0.0  1.0   0.08562
4.13393964448  0.003  0.0  1.0   0.08562
8.26787928896  0.002994  0.002  0.998   0.08562
12.4018189334  0.002988  0.004  0.996   0.08562
16.5357585779  0.002985  0.005  0.995   0.08562
20.6696982224  0.002967  0.011  0.989   0.08562
24.8036378669  0.002958  0.014  0.986   0.08562
28.9375775114  0.002973  0.009  0.991   0.08562
33.0715171558  0.002952  0.016  0.984   0.08562
37.2054568003  0.002937  0.021  0.979   0.08562
41.3393964448  0.002946  0.018  0.982   0.08562
45.4733360893  0.002916  0.028  0.972   0.08562
49.6072757338  0.00288  0.04  0.96   0.08562
53.7412153783  0.002883  0.039  0.961   0.08562
57.8751550227  0.002862  0.046  0.954   0.08562
62.0090946672  0.002853  0.049  0.951   0.08562
66.1430343117  0.002793  0.069  0.931   0.08562
70.2769739562  0.002778  0.074  0.926   0.08562
74.4109136007  0.002727  0.091  0.909   0.08562
78.5448532451  0.002736  0.088  0.912   0.08562
82.6787928896  0.002727  0.091  0.909   0.08562
86.8127325341  0.002661  0.113  0.887   0.08562
90.9466721786  0.002652  0.116  0.884   0.08562
95.0806118231  0.002616  0.128  0.872   0.08562
99.2145514675  0.002622  0.126  0.874   0.08562
103.348491112  0.002619  0.127  0.873   0.08562
107.482430757  0.002478  0.174  0.826   0.08562
111.616370401  0.002544  0.152  0.848   0.08562
115.750310045  0.002544  0.152  0.848   0.08562
119.88424969  0.002487  0.171  0.829   0.08562
124.018189334  0.00234  0.22  0.78   0.08562
128.152128979  0.00237  0.21  0.79   0.08562
132.286068623  0.002331  0.223  0.777   0.08562
136.420008268  0.002316  0.228  0.772   0.08562
140.553947912  0.002292  0.236  0.764   0.08562
144.687887557  0.00222  0.26  0.74   0.08562
148.821827201  0.002223  0.259  0.741   0.08562
152.955766846  0.00216  0.28  0.72   0.08562
157.08970649  0.002262  0.246  0.754   0.08562
161.223646135  0.002109  0.297  0.703   0.08562
165.357585779  0.002037  0.321  0.679   0.08562
169.491525424  0.002022  0.326  0.674   0.08562
173.625465068  0.001953  0.349  0.651   0.08562
177.759404713  0.00195  0.35  0.65   0.08562
181.893344357  0.001974  0.342  0.658   0.08562
186.027284002  0.00198  0.34  0.66   0.08562
190.161223646  0.002031  0.323  0.677   0.08562
194.295163291  0.001911  0.363  0.637   0.08562
198.429102935  0.00189  0.37  0.63   0.08562
202.56304258  0.001755  0.415  0.585   0.08562
206.696982224  0.001878  0.374  0.626   0.08562
210.830921869  0.0018  0.4  0.6   0.08562
214.964861513  0.001683  0.439  0.561   0.08562
219.098801158  0.001737  0.421  0.579   0.08562
223.232740802  0.001692  0.436  0.564   0.08562
227.366680446  0.001638  0.454  0.546   0.08562
231.500620091  0.001635  0.455  0.545   0.08562
235.634559735  0.00162  0.46  0.54   0.08562
239.76849938  0.001605  0.465  0.535   0.08562
243.902439024  0.001578  0.474  0.526   0.08562
248.036378669  0.001551  0.483  0.517   0.08562
252.170318313  0.001554  0.482  0.518   0.08562
256.304257958  0.001572  0.476  0.524   0.08562
260.438197602  0.001464  0.512  0.488   0.08562
264.572137247  0.001425  0.525  0.475   0.08562
268.706076891  0.001407  0.531  0.469   0.08562
272.840016536  0.001443  0.519  0.481   0.08562
276.97395618  0.001278  0.574  0.426   0.08562
281.107895825  0.00126  0.58  0.42   0.08562
285.241835469  0.00129  0.57  0.43   0.08562
289.375775114  0.001347  0.551  0.449   0.08562
293.509714758  0.0012  0.6  0.4   0.08562
297.643654403  0.001305  0.565  0.435   0.08562
301.777594047  0.001347  0.551  0.449   0.08562
305.911533692  0.001194  0.602  0.398   0.08562
310.045473336  0.001221  0.593  0.407   0.08562
314.179412981  0.001164  0.612  0.388   0.08562
318.313352625  0.001209  0.597  0.403   0.08562
322.44729227  0.001191  0.603  0.397   0.08562
326.581231914  0.001146  0.618  0.382   0.08562
330.715171558  0.001134  0.622  0.378   0.08562
334.849111203  0.00099  0.67  0.33   0.08562
338.983050847  0.001128  0.624  0.376   0.08562
343.116990492  0.001125  0.625  0.375   0.08562
347.250930136  0.001077  0.641  0.359   0.08562
351.384869781  0.001035  0.655  0.345   0.08562
355.518809425  0.001026  0.658  0.342   0.08562
359.65274907  0.000975  0.675  0.325   0.08562
363.786688714  0.000897  0.701  0.299   0.08562
367.920628359  0.000999  0.667  0.333   0.08562
372.054568003  0.000969  0.677  0.323   0.08562
376.188507648  0.000972  0.676  0.324   0.08562
380.322447292  0.000954  0.682  0.318   0.08562
384.456386937  0.000852  0.716  0.284   0.08562
388.590326581  0.000954  0.682  0.318   0.08562
392.724266226  0.000876  0.708  0.292   0.08562
396.85820587  0.000837  0.721  0.279   0.08562
400.992145515  0.000879  0.707  0.293   0.08562
405.126085159  0.000858  0.714  0.286   0.08562
409.260024804  0.000813  0.729  0.271   0.08562
413.393964448  0.000819  0.727  0.273   0.08562
417.527904093  0.000759  0.747  0.253   0.08562
421.661843737  0.000843  0.719  0.281   0.08562
425.795783382  0.000765  0.745  0.255   0.08562
429.929723026  0.000735  0.755  0.245   0.08562
434.063662671  0.000831  0.723  0.277   0.08562
438.197602315  0.00072  0.76  0.24   0.08562
442.331541959  0.000672  0.776  0.224   0.08562
446.465481604  0.000783  0.739  0.261   0.08562
450.599421248  0.000795  0.735  0.265   0.08562
454.733360893  0.000738  0.754  0.246   0.08562
458.867300537  0.0006  0.8  0.2   0.08562
463.001240182  0.000648  0.784  0.216   0.08562
467.135179826  0.000693  0.769  0.231   0.08562
471.269119471  0.00069  0.77  0.23   0.08562
475.403059115  0.000645  0.785  0.215   0.08562
479.53699876  0.00066  0.78  0.22   0.08562
483.670938404  0.000645  0.785  0.215   0.08562
487.804878049  0.000618  0.794  0.206   0.08562
491.938817693  0.000669  0.777  0.223   0.08562
496.072757338  0.000591  0.803  0.197   0.08562
500.206696982  0.000717  0.761  0.239   0.08562
504.340636627  0.000573  0.809  0.191   0.08562
508.474576271  0.000633  0.789  0.211   0.08562
512.608515916  0.000588  0.804  0.196   0.08562
516.74245556  0.000585  0.805  0.195   0.08562
520.876395205  0.000588  0.804  0.196   0.08562
525.010334849  0.000558  0.814  0.186   0.08562
529.144274494  0.000555  0.815  0.185   0.08562
533.278214138  0.00051  0.83  0.17   0.08562
537.412153783  0.000528  0.824  0.176   0.08562
541.546093427  0.000522  0.826  0.174   0.08562
545.680033072  0.000543  0.819  0.181   0.08562
549.813972716  0.000546  0.818  0.182   0.08562
553.94791236  0.000516  0.828  0.172   0.08562
558.081852005  0.000477  0.841  0.159   0.08562
562.215791649  0.000501  0.833  0.167   0.08562
566.349731294  0.000498  0.834  0.166   0.08562
570.483670938  0.000456  0.848  0.152   0.08562
574.617610583  0.000459  0.847  0.153   0.08562
578.751550227  0.000525  0.825  0.175   0.08562
582.885489872  0.000453  0.849  0.151   0.08562
587.019429516  0.000447  0.851  0.149   0.08562
591.153369161  0.000489  0.837  0.163   0.08562
595.287308805  0.000483  0.839  0.161   0.08562
599.42124845  0.000495  0.835  0.165   0.08562
603.555188094  0.000402  0.866  0.134   0.08562
607.689127739  0.000417  0.861  0.139   0.08562
611.823067383  0.000489  0.837  0.163   0.08562
615.957007028  0.000495  0.835  0.165   0.08562
620.090946672  0.000429  0.857  0.143   0.08562
624.224886317  0.000456  0.848  0.152   0.08562
628.358825961  0.000459  0.847  0.153   0.08562
632.492765606  0.000465  0.845  0.155   0.08562
636.62670525  0.000405  0.865  0.135   0.08562
640.760644895  0.000456  0.848  0.152   0.08562
644.894584539  0.000432  0.856  0.144   0.08562
649.028524184  0.000441  0.853  0.147   0.08562
653.162463828  0.000465  0.845  0.155   0.08562
657.296403473  0.000462  0.846  0.154   0.08562
661.430343117  0.00042  0.86  0.14   0.08562
665.564282761  0.000432  0.856  0.144   0.08562
669.698222406  0.000417  0.861  0.139   0.08562
673.83216205  0.000372  0.876  0.124   0.08562
677.966101695  0.000408  0.864  0.136   0.08562
682.100041339  0.000501  0.833  0.167   0.08562
686.233980984  0.000414  0.862  0.138   0.08562
690.367920628  0.000372  0.876  0.124   0.08562
694.501860273  0.000369  0.877  0.123   0.08562
698.635799917  0.000402  0.866  0.134   0.08562
702.769739562  0.00039  0.87  0.13   0.08562
706.903679206  0.000327  0.891  0.109   0.08562
711.037618851  0.000411  0.863  0.137   0.08562
715.171558495  0.000369  0.877  0.123   0.08562
719.30549814  0.000369  0.877  0.123   0.08562
723.439437784  0.000399  0.867  0.133   0.08562
727.573377429  0.000363  0.879  0.121   0.08562
731.707317073  0.000324  0.892  0.108   0.08562
735.841256718  0.000366  0.878  0.122   0.08562
739.975196362  0.00036  0.88  0.12   0.08562
744.109136007  0.000399  0.867  0.133   0.08562
748.243075651  0.000345  0.885  0.115   0.08562
752.377015296  0.000402  0.866  0.134   0.08562
756.51095494  0.000333  0.889  0.111   0.08562
760.644894585  0.000345  0.885  0.115   0.08562
764.778834229  0.000303  0.899  0.101   0.08562
768.912773874  0.000342  0.886  0.114   0.08562
773.046713518  0.000378  0.874  0.126   0.08562
777.180653162  0.000345  0.885  0.115   0.08562
781.314592807  0.000333  0.889  0.111   0.08562
785.448532451  0.000333  0.889  0.111   0.08562
789.582472096  0.000321  0.893  0.107   0.08562
793.71641174  0.000345  0.885  0.115   0.08562
797.850351385  0.000294  0.902  0.098   0.08562
801.984291029  0.000333  0.889  0.111   0.08562
806.118230674  0.000285  0.905  0.095   0.08562
810.252170318  0.00036  0.88  0.12   0.08562
814.386109963  0.00033  0.89  0.11   0.08562
818.520049607  0.000357  0.881  0.119   0.08562
822.653989252  0.000339  0.887  0.113   0.08562
826.787928896  0.00036  0.88  0.12   0.08562
830.921868541  0.00033  0.89  0.11   0.08562
835.055808185  0.000324  0.892  0.108   0.08562
839.18974783  0.000294  0.902  0.098   0.08562
843.323687474  0.000381  0.873  0.127   0.08562
847.457627119  0.000333  0.889  0.111   0.08562
851.591566763  0.000288  0.904  0.096   0.08562
855.725506408  0.000318  0.894  0.106   0.08562
859.859446052  0.000312  0.896  0.104   0.08562
863.993385697  0.0003  0.9  0.1   0.08562
868.127325341  0.000315  0.895  0.105   0.08562
872.261264986  0.000339  0.887  0.113   0.08562
876.39520463  0.0003  0.9  0.1   0.08562
880.529144274  0.000261  0.913  0.087   0.08562
884.663083919  0.000285  0.905  0.095   0.08562
888.797023563  0.000294  0.902  0.098   0.08562
892.930963208  0.000294  0.902  0.098   0.08562
897.064902852  0.000291  0.903  0.097   0.08562
901.198842497  0.00027  0.91  0.09   0.08562
905.332782141  0.000372  0.876  0.124   0.08562
909.466721786  0.000297  0.901  0.099   0.08562
913.60066143  0.000252  0.916  0.084   0.08562
917.734601075  0.000291  0.903  0.097   0.08562
921.868540719  0.0003  0.9  0.1   0.08562
926.002480364  0.000228  0.924  0.076   0.08562
930.136420008  0.000291  0.903  0.097   0.08562
934.270359653  0.000363  0.879  0.121   0.08562
938.404299297  0.000303  0.899  0.101   0.08562
942.538238942  0.000303  0.899  0.101   0.08562
946.672178586  0.000252  0.916  0.084   0.08562
950.806118231  0.000297  0.901  0.099   0.08562
954.940057875  0.000345  0.885  0.115   0.08562
959.07399752  0.000291  0.903  0.097   0.08562
963.207937164  0.000309  0.897  0.103   0.08562
967.341876809  0.000306  0.898  0.102   0.08562
971.475816453  0.000255  0.915  0.085   0.08562
975.609756098  0.000303  0.899  0.101   0.08562
979.743695742  0.000315  0.895  0.105   0.08562
983.877635387  0.000369  0.877  0.123   0.08562
988.011575031  0.0003  0.9  0.1   0.08562
992.145514675  0.000267  0.911  0.089   0.08562
996.27945432  0.000288  0.904  0.096   0.08562
1000.41339396  0.00027  0.91  0.09   0.08562
1004.54733361  0.000273  0.909  0.091   0.08562
1008.68127325  0.000282  0.906  0.094   0.08562
1012.8152129  0.0003  0.9  0.1   0.08562
1016.94915254  0.000291  0.903  0.097   0.08562
1021.08309219  0.00024  0.92  0.08   0.08562
1025.21703183  0.000315  0.895  0.105   0.08562
1029.35097148  0.000288  0.904  0.096   0.08562
1033.48491112  0.000258  0.914  0.086   0.08562
1037.61885076  0.000258  0.914  0.086   0.08562
1041.75279041  0.0003  0.9  0.1   0.08562
1045.88673005  0.000285  0.905  0.095   0.08562
1050.0206697  0.000294  0.902  0.098   0.08562
1054.15460934  0.000258  0.914  0.086   0.08562
1058.28854899  0.000282  0.906  0.094   0.08562
1062.42248863  0.000288  0.904  0.096   0.08562
1066.55642828  0.000312  0.896  0.104   0.08562
1070.69036792  0.000282  0.906  0.094   0.08562
1074.82430757  0.000309  0.897  0.103   0.08562
1078.95824721  0.000252  0.916  0.084   0.08562
1083.09218685  0.000303  0.899  0.101   0.08562
1087.2261265  0.000246  0.918  0.082   0.08562
1091.36006614  0.000294  0.902  0.098   0.08562
1095.49400579  0.000291  0.903  0.097   0.08562
1099.62794543  0.000273  0.909  0.091   0.08562
1103.76188508  0.000231  0.923  0.077   0.08562
1107.89582472  0.000267  0.911  0.089   0.08562
1112.02976437  0.000279  0.907  0.093   0.08562
1116.16370401  0.000228  0.924  0.076   0.08562
1120.29764365  0.000303  0.899  0.101   0.08562
1124.4315833  0.000267  0.911  0.089   0.08562
1128.56552294  0.000288  0.904  0.096   0.08562
1132.69946259  0.000255  0.915  0.085   0.08562
1136.83340223  0.000279  0.907  0.093   0.08562
1140.96734188  0.000315  0.895  0.105   0.08562
1145.10128152  0.000315  0.895  0.105   0.08562
1149.23522117  0.000255  0.915  0.085   0.08562
1153.36916081  0.000246  0.918  0.082   0.08562
1157.50310045  0.000288  0.904  0.096   0.08562
1161.6370401  0.000264  0.912  0.088   0.08562
1165.77097974  0.000273  0.909  0.091   0.08562
1169.90491939  0.000282  0.906  0.094   0.08562
1174.03885903  0.000285  0.905  0.095   0.08562
1178.17279868  0.000252  0.916  0.084   0.08562
1182.30673832  0.000348  0.884  0.116   0.08562
1186.44067797  0.000255  0.915  0.085   0.08562
1190.57461761  0.000261  0.913  0.087   0.08562
1194.70855726  0.000276  0.908  0.092   0.08562
1198.8424969  0.000306  0.898  0.102   0.08562
1202.97643654  0.000243  0.919  0.081   0.08562
1207.11037619  0.000291  0.903  0.097   0.08562
1211.24431583  0.000216  0.928  0.072   0.08562
1215.37825548  0.00027  0.91  0.09   0.08562
1219.51219512  0.000249  0.917  0.083   0.08562
1223.64613477  0.00027  0.91  0.09   0.08562
1227.78007441  0.000258  0.914  0.086   0.08562
1231.91401406  0.000264  0.912  0.088   0.08562
1236.0479537  0.000249  0.917  0.083   0.08562
1240.18189334  0.000282  0.906  0.094   0.08562
1244.31583299  0.000282  0.906  0.094   0.08562
1248.44977263  0.000231  0.923  0.077   0.08562
1252.58371228  0.000276  0.908  0.092   0.08562
1256.71765192  0.000279  0.907  0.093   0.08562
1260.85159157  0.000267  0.911  0.089   0.08562
1264.98553121  0.000291  0.903  0.097   0.08562
1269.11947086  0.000276  0.908  0.092   0.08562
1273.2534105  0.000258  0.914  0.086   0.08562
1277.38735014  0.000276  0.908  0.092   0.08562
1281.52128979  0.000231  0.923  0.077   0.08562
1285.65522943  0.000291  0.903  0.097   0.08562
1289.78916908  0.00027  0.91  0.09   0.08562
1293.92310872  0.000273  0.909  0.091   0.08562
1298.05704837  0.0003  0.9  0.1   0.08562
1302.19098801  0.00024  0.92  0.08   0.08562
1306.32492766  0.000312  0.896  0.104   0.08562
1310.4588673  0.000258  0.914  0.086   0.08562
1314.59280695  0.000264  0.912  0.088   0.08562
1318.72674659  0.000261  0.913  0.087   0.08562
1322.86068623  0.000255  0.915  0.085   0.08562
1326.99462588  0.000312  0.896  0.104   0.08562
1331.12856552  0.000255  0.915  0.085   0.08562
1335.26250517  0.00024  0.92  0.08   0.08562
1339.39644481  0.000264  0.912  0.088   0.08562
1343.53038446  0.000306  0.898  0.102   0.08562
1347.6643241  0.000297  0.901  0.099   0.08562
1351.79826375  0.000258  0.914  0.086   0.08562
1355.93220339  0.000276  0.908  0.092   0.08562
1360.06614303  0.000315  0.895  0.105   0.08562
1364.20008268  0.000234  0.922  0.078   0.08562
1368.33402232  0.000285  0.905  0.095   0.08562
1372.46796197  0.000273  0.909  0.091   0.08562
1376.60190161  0.000255  0.915  0.085   0.08562
1380.73584126  0.000246  0.918  0.082   0.08562
1384.8697809  0.000228  0.924  0.076   0.08562
1389.00372055  0.000267  0.911  0.089   0.08562
1393.13766019  0.000267  0.911  0.089   0.08562
1397.27159983  0.000246  0.918  0.082   0.08562
1401.40553948  0.000288  0.904  0.096   0.08562
1405.53947912  0.00024  0.92  0.08   0.08562
1409.67341877  0.000267  0.911  0.089   0.08562
1413.80735841  0.000276  0.908  0.092   0.08562
1417.94129806  0.000249  0.917  0.083   0.08562
1422.0752377  0.000246  0.918  0.082   0.08562
1426.20917735  0.000324  0.892  0.108   0.08562
1430.34311699  0.000231  0.923  0.077   0.08562
1434.47705663  0.000261  0.913  0.087   0.08562
1438.61099628  0.00024  0.92  0.08   0.08562
1442.74493592  0.000285  0.905  0.095   0.08562
1446.87887557  0.000255  0.915  0.085   0.08562
1451.01281521  0.000273  0.909  0.091   0.08562
1455.14675486  0.000294  0.902  0.098   0.08562
1459.2806945  0.0003  0.9  0.1   0.08562
1463.41463415  0.000234  0.922  0.078   0.08562
1467.54857379  0.000246  0.918  0.082   0.08562
1471.68251344  0.000198  0.934  0.066   0.08562
1475.81645308  0.00024  0.92  0.08   0.08562
1479.95039272  0.000309  0.897  0.103   0.08562
1484.08433237  0.000231  0.923  0.077   0.08562
1488.21827201  0.000234  0.922  0.078   0.08562
1492.35221166  0.000231  0.923  0.077   0.08562
1496.4861513  0.000315  0.895  0.105   0.08562
1500.62009095  0.000279  0.907  0.093   0.08562
1504.75403059  0.000258  0.914  0.086   0.08562
1508.88797024  0.000258  0.914  0.086   0.08562
1513.02190988  0.000297  0.901  0.099   0.08562
1517.15584952  0.000276  0.908  0.092   0.08562
1521.28978917  0.000222  0.926  0.074   0.08562
1525.42372881  0.0003  0.9  0.1   0.08562
1529.55766846  0.000288  0.904  0.096   0.08562
1533.6916081  0.000246  0.918  0.082   0.08562
1537.82554775  0.000261  0.913  0.087   0.08562
1541.95948739  0.000243  0.919  0.081   0.08562
1546.09342704  0.000234  0.922  0.078   0.08562
1550.22736668  0.000228  0.924  0.076   0.08562
1554.36130632  0.00033  0.89  0.11   0.08562
1558.49524597  0.000282  0.906  0.094   0.08562
1562.62918561  0.000255  0.915  0.085   0.08562
1566.76312526  0.000267  0.911  0.089   0.08562
1570.8970649  0.000303  0.899  0.101   0.08562
1575.03100455  0.00024  0.92  0.08   0.08562
1579.16494419  0.000261  0.913  0.087   0.08562
1583.29888384  0.000285  0.905  0.095   0.08562
1587.43282348  0.000297  0.901  0.099   0.08562
1591.56676313  0.000261  0.913  0.087   0.08562
1595.70070277  0.000276  0.908  0.092   0.08562
1599.83464241  0.000285  0.905  0.095   0.08562
1603.96858206  0.000261  0.913  0.087   0.08562
1608.1025217  0.00027  0.91  0.09   0.08562
1612.23646135  0.00021  0.93  0.07   0.08562
1616.37040099  0.000246  0.918  0.082   0.08562
1620.50434064  0.000234  0.922  0.078   0.08562
1624.63828028  0.000273  0.909  0.091   0.08562
1628.77221993  0.000225  0.925  0.075   0.08562
1632.90615957  0.00021  0.93  0.07   0.08562
1637.04009921  0.000297  0.901  0.099   0.08562
1641.17403886  0.000252  0.916  0.084   0.08562
1645.3079785  0.000252  0.916  0.084   0.08562
1649.44191815  0.000261  0.913  0.087   0.08562
1653.57585779  0.000231  0.923  0.077   0.08562
1657.70979744  0.000219  0.927  0.073   0.08562
1661.84373708  0.000243  0.919  0.081   0.08562
1665.97767673  0.000249  0.917  0.083   0.08562
1670.11161637  0.000225  0.925  0.075   0.08562
1674.24555601  0.000273  0.909  0.091   0.08562
1678.37949566  0.000243  0.919  0.081   0.08562
1682.5134353  0.000237  0.921  0.079   0.08562
1686.64737495  0.000261  0.913  0.087   0.08562
1690.78131459  0.000249  0.917  0.083   0.08562
1694.91525424  0.000201  0.933  0.067   0.08562
1699.04919388  0.000264  0.912  0.088   0.08562
1703.18313353  0.000249  0.917  0.083   0.08562
1707.31707317  0.00024  0.92  0.08   0.08562
1711.45101282  0.000216  0.928  0.072   0.08562
1715.58495246  0.00027  0.91  0.09   0.08562
1719.7188921  0.000231  0.923  0.077   0.08562
1723.85283175  0.000231  0.923  0.077   0.08562
1727.98677139  0.00021  0.93  0.07   0.08562
1732.12071104  0.000249  0.917  0.083   0.08562
1736.25465068  0.00027  0.91  0.09   0.08562
1740.38859033  0.00027  0.91  0.09   0.08562
1744.52252997  0.000222  0.926  0.074   0.08562
1748.65646962  0.000276  0.908  0.092   0.08562
1752.79040926  0.000297  0.901  0.099   0.08562
1756.9243489  0.000267  0.911  0.089   0.08562
1761.05828855  0.000273  0.909  0.091   0.08562
1765.19222819  0.000231  0.923  0.077   0.08562
1769.32616784  0.000252  0.916  0.084   0.08562
1773.46010748  0.000282  0.906  0.094   0.08562
1777.59404713  0.000234  0.922  0.078   0.08562
1781.72798677  0.000282  0.906  0.094   0.08562
1785.86192642  0.000264  0.912  0.088   0.08562
1789.99586606  0.000264  0.912  0.088   0.08562
1794.1298057  0.000264  0.912  0.088   0.08562
1798.26374535  0.000279  0.907  0.093   0.08562
1802.39768499  0.000267  0.911  0.089   0.08562
1806.53162464  0.000249  0.917  0.083   0.08562
1810.66556428  0.000252  0.916  0.084   0.08562
1814.79950393  0.000285  0.905  0.095   0.08562
1818.93344357  0.000273  0.909  0.091   0.08562
1823.06738322  0.000249  0.917  0.083   0.08562
1827.20132286  0.000213  0.929  0.071   0.08562
1831.33526251  0.000288  0.904  0.096   0.08562
1835.46920215  0.000303  0.899  0.101   0.08562
1839.60314179  0.000264  0.912  0.088   0.08562
1843.73708144  0.000267  0.911  0.089   0.08562
1847.87102108  0.000237  0.921  0.079   0.08562
1852.00496073  0.000234  0.922  0.078   0.08562
1856.13890037  0.000282  0.906  0.094   0.08562
1860.27284002  0.000246  0.918  0.082   0.08562
1864.40677966  0.000258  0.914  0.086   0.08562
1868.54071931  0.000255  0.915  0.085   0.08562
1872.67465895  0.000225  0.925  0.075   0.08562
1876.80859859  0.000258  0.914  0.086   0.08562
1880.94253824  0.000246  0.918  0.082   0.08562
1885.07647788  0.000285  0.905  0.095   0.08562
1889.21041753  0.000285  0.905  0.095   0.08562
1893.34435717  0.00027  0.91  0.09   0.08562
1897.47829682  0.000219  0.927  0.073   0.08562
1901.61223646  0.000252  0.916  0.084   0.08562
1905.74617611  0.00027  0.91  0.09   0.08562
1909.88011575  0.000267  0.911  0.089   0.08562
1914.01405539  0.000237  0.921  0.079   0.08562
1918.14799504  0.000216  0.928  0.072   0.08562
1922.28193468  0.00027  0.91  0.09   0.08562
1926.41587433  0.000231  0.923  0.077   0.08562
1930.54981397  0.000216  0.928  0.072   0.08562
1934.68375362  0.00021  0.93  0.07   0.08562
1938.81769326  0.000243  0.919  0.081   0.08562
1942.95163291  0.00027  0.91  0.09   0.08562
1947.08557255  0.000237  0.921  0.079   0.08562
1951.2195122  0.00024  0.92  0.08   0.08562
1955.35345184  0.000261  0.913  0.087   0.08562
1959.48739148  0.000252  0.916  0.084   0.08562
1963.62133113  0.000246  0.918  0.082   0.08562
1967.75527077  0.000228  0.924  0.076   0.08562
1971.88921042  0.00021  0.93  0.07   0.08562
1976.02315006  0.000255  0.915  0.085   0.08562
1980.15708971  0.000312  0.896  0.104   0.08562
1984.29102935  0.000231  0.923  0.077   0.08562
1988.424969  0.000252  0.916  0.084   0.08562
1992.55890864  0.000237  0.921  0.079   0.08562
1996.69284828  0.000282  0.906  0.094   0.08562
2000.82678793  0.000261  0.913  0.087   0.08562
2004.96072757  0.00027  0.91  0.09   0.08562
2009.09466722  0.000225  0.925  0.075   0.08562
2013.22860686  0.000255  0.915  0.085   0.08562
2017.36254651  0.000234  0.922  0.078   0.08562
2021.49648615  0.000228  0.924  0.076   0.08562
2025.6304258  0.000276  0.908  0.092   0.08562
2029.76436544  0.000237  0.921  0.079   0.08562
2033.89830508  0.000261  0.913  0.087   0.08562
2038.03224473  0.000243  0.919  0.081   0.08562
2042.16618437  0.000231  0.923  0.077   0.08562
2046.30012402  0.00027  0.91  0.09   0.08562
2050.43406366  0.000255  0.915  0.085   0.08562
2054.56800331  0.000273  0.909  0.091   0.08562
2058.70194295  0.00021  0.93  0.07   0.08562
2062.8358826  0.000249  0.917  0.083   0.08562
2066.96982224  0.000249  0.917  0.083   0.08562
2071.10376189  0.000303  0.899  0.101   0.08562
2075.23770153  0.00024  0.92  0.08   0.08562
2079.37164117  0.000267  0.911  0.089   0.08562
2083.50558082  0.000231  0.923  0.077   0.08562
2087.63952046  0.000273  0.909  0.091   0.08562
2091.77346011  0.000207  0.931  0.069   0.08562
2095.90739975  0.000264  0.912  0.088   0.08562
2100.0413394  0.000285  0.905  0.095   0.08562
2104.17527904  0.000303  0.899  0.101   0.08562
2108.30921869  0.000255  0.915  0.085   0.08562
2112.44315833  0.000249  0.917  0.083   0.08562
2116.57709797  0.000252  0.916  0.084   0.08562
2120.71103762  0.000237  0.921  0.079   0.08562
2124.84497726  0.00033  0.89  0.11   0.08562
2128.97891691  0.000285  0.905  0.095   0.08562
2133.11285655  0.000252  0.916  0.084   0.08562
2137.2467962  0.000297  0.901  0.099   0.08562
2141.38073584  0.000297  0.901  0.099   0.08562
2145.51467549  0.000273  0.909  0.091   0.08562
2149.64861513  0.000255  0.915  0.085   0.08562
2153.78255477  0.000297  0.901  0.099   0.08562
2157.91649442  0.000252  0.916  0.084   0.08562
2162.05043406  0.000222  0.926  0.074   0.08562
2166.18437371  0.000261  0.913  0.087   0.08562
2170.31831335  0.000219  0.927  0.073   0.08562
2174.452253  0.000255  0.915  0.085   0.08562
2178.58619264  0.000228  0.924  0.076   0.08562
2182.72013229  0.000264  0.912  0.088   0.08562
2186.85407193  0.000213  0.929  0.071   0.08562
2190.98801158  0.000267  0.911  0.089   0.08562
2195.12195122  0.000261  0.913  0.087   0.08562
2199.25589086  0.000285  0.905  0.095   0.08562
2203.38983051  0.000267  0.911  0.089   0.08562
2207.52377015  0.000258  0.914  0.086   0.08562
2211.6577098  0.000198  0.934  0.066   0.08562
2215.79164944  0.000282  0.906  0.094   0.08562
2219.92558909  0.000219  0.927  0.073   0.08562
2224.05952873  0.000231  0.923  0.077   0.08562
2228.19346838  0.000234  0.922  0.078   0.08562
2232.32740802  0.000258  0.914  0.086   0.08562
2236.46134766  0.000282  0.906  0.094   0.08562
2240.59528731  0.000303  0.899  0.101   0.08562
2244.72922695  0.000276  0.908  0.092   0.08562
2248.8631666  0.000267  0.911  0.089   0.08562
2252.99710624  0.000246  0.918  0.082   0.08562
2257.13104589  0.000258  0.914  0.086   0.08562
2261.26498553  0.000294  0.902  0.098   0.08562
2265.39892518  0.000243  0.919  0.081   0.08562
2269.53286482  0.000249  0.917  0.083   0.08562
2273.66680446  0.000237  0.921  0.079   0.08562
2277.80074411  0.000258  0.914  0.086   0.08562
2281.93468375  0.000249  0.917  0.083   0.08562
2286.0686234  0.000234  0.922  0.078   0.08562
2290.20256304  0.000234  0.922  0.078   0.08562
2294.33650269  0.000315  0.895  0.105   0.08562
2298.47044233  0.000324  0.892  0.108   0.08562
2302.60438198  0.00024  0.92  0.08   0.08562
2306.73832162  0.000276  0.908  0.092   0.08562
2310.87226126  0.00027  0.91  0.09   0.08562
2315.00620091  0.00024  0.92  0.08   0.08562
2319.14014055  0.000237  0.921  0.079   0.08562
2323.2740802  0.00024  0.92  0.08   0.08562
2327.40801984  0.000246  0.918  0.082   0.08562
2331.54195949  0.000255  0.915  0.085   0.08562
2335.67589913  0.000252  0.916  0.084   0.08562
2339.80983878  0.000234  0.922  0.078   0.08562
2343.94377842  0.000252  0.916  0.084   0.08562
2348.07771807  0.00024  0.92  0.08   0.08562
2352.21165771  0.000255  0.915  0.085   0.08562
2356.34559735  0.000249  0.917  0.083   0.08562
2360.479537  0.000231  0.923  0.077   0.08562
2364.61347664  0.000264  0.912  0.088   0.08562
2368.74741629  0.000243  0.919  0.081   0.08562
2372.88135593  0.000249  0.917  0.083   0.08562
2377.01529558  0.000228  0.924  0.076   0.08562
2381.14923522  0.000258  0.914  0.086   0.08562
2385.28317487  0.000288  0.904  0.096   0.08562
2389.41711451  0.000252  0.916  0.084   0.08562
2393.55105415  0.000252  0.916  0.084   0.08562
2397.6849938  0.000243  0.919  0.081   0.08562
2401.81893344  0.000276  0.908  0.092   0.08562
2405.95287309  0.000246  0.918  0.082   0.08562
2410.08681273  0.000306  0.898  0.102   0.08562
2414.22075238  0.000255  0.915  0.085   0.08562
2418.35469202  0.000243  0.919  0.081   0.08562
2422.48863167  0.000276  0.908  0.092   0.08562
2426.62257131  0.000258  0.914  0.086   0.08562
2430.75651095  0.000231  0.923  0.077   0.08562
2434.8904506  0.000285  0.905  0.095   0.08562
2439.02439024  0.000276  0.908  0.092   0.08562
2443.15832989  0.000219  0.927  0.073   0.08562
2447.29226953  0.000231  0.923  0.077   0.08562
2451.42620918  0.000324  0.892  0.108   0.08562
2455.56014882  0.000234  0.922  0.078   0.08562
2459.69408847  0.000282  0.906  0.094   0.08562
2463.82802811  0.00027  0.91  0.09   0.08562
2467.96196776  0.000219  0.927  0.073   0.08562
2472.0959074  0.000273  0.909  0.091   0.08562
2476.22984704  0.000204  0.932  0.068   0.08562
2480.36378669  0.000231  0.923  0.077   0.08562
2484.49772633  0.00027  0.91  0.09   0.08562
2488.63166598  0.000231  0.923  0.077   0.08562
2492.76560562  0.000249  0.917  0.083   0.08562
2496.89954527  0.000222  0.926  0.074   0.08562
2501.03348491  0.000237  0.921  0.079   0.08562
2505.16742456  0.00021  0.93  0.07   0.08562
2509.3013642  0.000261  0.913  0.087   0.08562
2513.43530384  0.000231  0.923  0.077   0.08562
2517.56924349  0.000225  0.925  0.075   0.08562
2521.70318313  0.000285  0.905  0.095   0.08562
2525.83712278  0.00024  0.92  0.08   0.08562
2529.97106242  0.000234  0.922  0.078   0.08562
2534.10500207  0.0003  0.9  0.1   0.08562
2538.23894171  0.00027  0.91  0.09   0.08562
2542.37288136  0.000297  0.901  0.099   0.08562
2546.506821  0.000252  0.916  0.084   0.08562
2550.64076064  0.000237  0.921  0.079   0.08562
2554.77470029  0.000234  0.922  0.078   0.08562
2558.90863993  0.000267  0.911  0.089   0.08562
2563.04257958  0.000285  0.905  0.095   0.08562
2567.17651922  0.000249  0.917  0.083   0.08562
2571.31045887  0.00018  0.94  0.06   0.08562
2575.44439851  0.000246  0.918  0.082   0.08562
2579.57833816  0.000237  0.921  0.079   0.08562
2583.7122778  0.000288  0.904  0.096   0.08562
2587.84621745  0.00024  0.92  0.08   0.08562
2591.98015709  0.0003  0.9  0.1   0.08562
2596.11409673  0.000237  0.921  0.079   0.08562
2600.24803638  0.000285  0.905  0.095   0.08562
2604.38197602  0.000198  0.934  0.066   0.08562
2608.51591567  0.000243  0.919  0.081   0.08562
2612.64985531  0.000201  0.933  0.067   0.08562
2616.78379496  0.000273  0.909  0.091   0.08562
2620.9177346  0.000228  0.924  0.076   0.08562
2625.05167425  0.000231  0.923  0.077   0.08562
2629.18561389  0.000285  0.905  0.095   0.08562
2633.31955353  0.000252  0.916  0.084   0.08562
2637.45349318  0.000246  0.918  0.082   0.08562
2641.58743282  0.000288  0.904  0.096   0.08562
2645.72137247  0.000279  0.907  0.093   0.08562
2649.85531211  0.000252  0.916  0.084   0.08562
2653.98925176  0.000258  0.914  0.086   0.08562
2658.1231914  0.000234  0.922  0.078   0.08562
2662.25713105  0.000258  0.914  0.086   0.08562
2666.39107069  0.000255  0.915  0.085   0.08562
2670.52501033  0.000294  0.902  0.098   0.08562
2674.65894998  0.00024  0.92  0.08   0.08562
2678.79288962  0.000282  0.906  0.094   0.08562
2682.92682927  0.000249  0.917  0.083   0.08562
2687.06076891  0.00024  0.92  0.08   0.08562
2691.19470856  0.000216  0.928  0.072   0.08562
2695.3286482  0.000261  0.913  0.087   0.08562
2699.46258785  0.00027  0.91  0.09   0.08562
2703.59652749  0.000222  0.926  0.074   0.08562
2707.73046714  0.00024  0.92  0.08   0.08562
2711.86440678  0.000189  0.937  0.063   0.08562
2715.99834642  0.000237  0.921  0.079   0.08562
2720.13228607  0.00024  0.92  0.08   0.08562
2724.26622571  0.000246  0.918  0.082   0.08562
2728.40016536  0.000258  0.914  0.086   0.08562
2732.534105  0.00021  0.93  0.07   0.08562
2736.66804465  0.000249  0.917  0.083   0.08562
2740.80198429  0.000249  0.917  0.083   0.08562
2744.93592394  0.000267  0.911  0.089   0.08562
2749.06986358  0.000297  0.901  0.099   0.08562
2753.20380322  0.000273  0.909  0.091   0.08562
2757.33774287  0.000291  0.903  0.097   0.08562
2761.47168251  0.000276  0.908  0.092   0.08562
2765.60562216  0.000246  0.918  0.082   0.08562
2769.7395618  0.00024  0.92  0.08   0.08562
2773.87350145  0.000255  0.915  0.085   0.08562
2778.00744109  0.000264  0.912  0.088   0.08562
2782.14138074  0.000243  0.919  0.081   0.08562
2786.27532038  0.000228  0.924  0.076   0.08562
2790.40926002  0.000249  0.917  0.083   0.08562
2794.54319967  0.000273  0.909  0.091   0.08562
2798.67713931  0.000297  0.901  0.099   0.08562
2802.81107896  0.00024  0.92  0.08   0.08562
2806.9450186  0.00024  0.92  0.08   0.08562
2811.07895825  0.000282  0.906  0.094   0.08562
2815.21289789  0.000249  0.917  0.083   0.08562
2819.34683754  0.000267  0.911  0.089   0.08562
2823.48077718  0.000285  0.905  0.095   0.08562
2827.61471683  0.000276  0.908  0.092   0.08562
2831.74865647  0.000267  0.911  0.089   0.08562
2835.88259611  0.00027  0.91  0.09   0.08562
2840.01653576  0.000231  0.923  0.077   0.08562
2844.1504754  0.000219  0.927  0.073   0.08562
2848.28441505  0.000282  0.906  0.094   0.08562
2852.41835469  0.000252  0.916  0.084   0.08562
2856.55229434  0.000264  0.912  0.088   0.08562
2860.68623398  0.000258  0.914  0.086   0.08562
2864.82017363  0.000303  0.899  0.101   0.08562
2868.95411327  0.000222  0.926  0.074   0.08562
2873.08805291  0.000237  0.921  0.079   0.08562
2877.22199256  0.000252  0.916  0.084   0.08562
2881.3559322  0.00024  0.92  0.08   0.08562
2885.48987185  0.000243  0.919  0.081   0.08562
2889.62381149  0.000231  0.923  0.077   0.08562
2893.75775114  0.000258  0.914  0.086   0.08562
2897.89169078  0.000252  0.916  0.084   0.08562
2902.02563043  0.000216  0.928  0.072   0.08562
2906.15957007  0.000285  0.905  0.095   0.08562
2910.29350971  0.000297  0.901  0.099   0.08562
2914.42744936  0.000282  0.906  0.094   0.08562
2918.561389  0.000231  0.923  0.077   0.08562
2922.69532865  0.000267  0.911  0.089   0.08562
2926.82926829  0.000294  0.902  0.098   0.08562
2930.96320794  0.000273  0.909  0.091   0.08562
2935.09714758  0.00027  0.91  0.09   0.08562
2939.23108723  0.000222  0.926  0.074   0.08562
2943.36502687  0.000276  0.908  0.092   0.08562
2947.49896652  0.000294  0.902  0.098   0.08562
2951.63290616  0.000234  0.922  0.078   0.08562
2955.7668458  0.000237  0.921  0.079   0.08562
2959.90078545  0.00024  0.92  0.08   0.08562
2964.03472509  0.000234  0.922  0.078   0.08562
2968.16866474  0.000258  0.914  0.086   0.08562
2972.30260438  0.000255  0.915  0.085   0.08562
2976.43654403  0.00024  0.92  0.08   0.08562
2980.57048367  0.000315  0.895  0.105   0.08562
2984.70442332  0.000231  0.923  0.077   0.08562
2988.83836296  0.000246  0.918  0.082   0.08562
2992.9723026  0.000228  0.924  0.076   0.08562
2997.10624225  0.00027  0.91  0.09   0.08562
3001.24018189  0.000288  0.904  0.096   0.08562
3005.37412154  0.000255  0.915  0.085   0.08562
3009.50806118  0.000285  0.905  0.095   0.08562
3013.64200083  0.000285  0.905  0.095   0.08562
3017.77594047  0.00024  0.92  0.08   0.08562
3021.90988012  0.00024  0.92  0.08   0.08562
3026.04381976  0.000243  0.919  0.081   0.08562
3030.1777594  0.000258  0.914  0.086   0.08562
3034.31169905  0.000303  0.899  0.101   0.08562
3038.44563869  0.000234  0.922  0.078   0.08562
3042.57957834  0.000291  0.903  0.097   0.08562
3046.71351798  0.000258  0.914  0.086   0.08562
3050.84745763  0.000267  0.911  0.089   0.08562
3054.98139727  0.000255  0.915  0.085   0.08562
3059.11533692  0.000312  0.896  0.104   0.08562
3063.24927656  0.000231  0.923  0.077   0.08562
3067.38321621  0.0003  0.9  0.1   0.08562
3071.51715585  0.000267  0.911  0.089   0.08562
3075.65109549  0.000255  0.915  0.085   0.08562
3079.78503514  0.000195  0.935  0.065   0.08562
3083.91897478  0.000279  0.907  0.093   0.08562
3088.05291443  0.000255  0.915  0.085   0.08562
3092.18685407  0.000306  0.898  0.102   0.08562
3096.32079372  0.000258  0.914  0.086   0.08562
3100.45473336  0.000234  0.922  0.078   0.08562
3104.58867301  0.000225  0.925  0.075   0.08562
3108.72261265  0.000303  0.899  0.101   0.08562
3112.85655229  0.000285  0.905  0.095   0.08562
3116.99049194  0.000225  0.925  0.075   0.08562
3121.12443158  0.000279  0.907  0.093   0.08562
3125.25837123  0.000261  0.913  0.087   0.08562
3129.39231087  0.000249  0.917  0.083   0.08562
3133.52625052  0.00027  0.91  0.09   0.08562
3137.66019016  0.000264  0.912  0.088   0.08562
3141.79412981  0.000273  0.909  0.091   0.08562
3145.92806945  0.00024  0.92  0.08   0.08562
3150.06200909  0.000297  0.901  0.099   0.08562
3154.19594874  0.000291  0.903  0.097   0.08562
3158.32988838  0.000273  0.909  0.091   0.08562
3162.46382803  0.00027  0.91  0.09   0.08562
3166.59776767  0.000276  0.908  0.092   0.08562
3170.73170732  0.000261  0.913  0.087   0.08562
3174.86564696  0.00027  0.91  0.09   0.08562
3178.99958661  0.000252  0.916  0.084   0.08562
3183.13352625  0.000255  0.915  0.085   0.08562
3187.26746589  0.000264  0.912  0.088   0.08562
3191.40140554  0.000261  0.913  0.087   0.08562
3195.53534518  0.000249  0.917  0.083   0.08562
3199.66928483  0.000249  0.917  0.083   0.08562
3203.80322447  0.000243  0.919  0.081   0.08562
3207.93716412  0.000279  0.907  0.093   0.08562
3212.07110376  0.00027  0.91  0.09   0.08562
3216.20504341  0.000231  0.923  0.077   0.08562
3220.33898305  0.000219  0.927  0.073   0.08562
3224.4729227  0.000246  0.918  0.082   0.08562
3228.60686234  0.000258  0.914  0.086   0.08562
3232.74080198  0.00027  0.91  0.09   0.08562
3236.87474163  0.000297  0.901  0.099   0.08562
3241.00868127  0.000279  0.907  0.093   0.08562
3245.14262092  0.000237  0.921  0.079   0.08562
3249.27656056  0.000228  0.924  0.076   0.08562
3253.41050021  0.000243  0.919  0.081   0.08562
3257.54443985  0.000294  0.902  0.098   0.08562
3261.6783795  0.000246  0.918  0.082   0.08562
3265.81231914  0.000255  0.915  0.085   0.08562
3269.94625878  0.000237  0.921  0.079   0.08562
3274.08019843  0.000258  0.914  0.086   0.08562
3278.21413807  0.00027  0.91  0.09   0.08562
3282.34807772  0.000237  0.921  0.079   0.08562
3286.48201736  0.00024  0.92  0.08   0.08562
3290.61595701  0.000249  0.917  0.083   0.08562
3294.74989665  0.000258  0.914  0.086   0.08562
3298.8838363  0.000249  0.917  0.083   0.08562
3303.01777594  0.00024  0.92  0.08   0.08562
3307.15171558  0.000264  0.912  0.088   0.08562
3311.28565523  0.000246  0.918  0.082   0.08562
3315.41959487  0.000243  0.919  0.081   0.08562
3319.55353452  0.000225  0.925  0.075   0.08562
3323.68747416  0.000267  0.911  0.089   0.08562
3327.82141381  0.000285  0.905  0.095   0.08562
3331.95535345  0.000291  0.903  0.097   0.08562
3336.0892931  0.000264  0.912  0.088   0.08562
3340.22323274  0.000282  0.906  0.094   0.08562
3344.35717239  0.000261  0.913  0.087   0.08562
3348.49111203  0.000204  0.932  0.068   0.08562
3352.62505167  0.000234  0.922  0.078   0.08562
3356.75899132  0.000222  0.926  0.074   0.08562
3360.89293096  0.000273  0.909  0.091   0.08562
3365.02687061  0.000249  0.917  0.083   0.08562
3369.16081025  0.000267  0.911  0.089   0.08562
3373.2947499  0.000219  0.927  0.073   0.08562
3377.42868954  0.000219  0.927  0.073   0.08562
3381.56262919  0.000267  0.911  0.089   0.08562
3385.69656883  0.000234  0.922  0.078   0.08562
3389.83050847  0.000249  0.917  0.083   0.08562
3393.96444812  0.000294  0.902  0.098   0.08562
3398.09838776  0.000273  0.909  0.091   0.08562
3402.23232741  0.000228  0.924  0.076   0.08562
3406.36626705  0.00024  0.92  0.08   0.08562
3410.5002067  0.000288  0.904  0.096   0.08562
3414.63414634  0.000222  0.926  0.074   0.08562
3418.76808599  0.000285  0.905  0.095   0.08562
3422.90202563  0.000258  0.914  0.086   0.08562
3427.03596527  0.000222  0.926  0.074   0.08562
3431.16990492  0.000309  0.897  0.103   0.08562
3435.30384456  0.000294  0.902  0.098   0.08562
3439.43778421  0.000231  0.923  0.077   0.08562
3443.57172385  0.000243  0.919  0.081   0.08562
3447.7056635  0.000255  0.915  0.085   0.08562
3451.83960314  0.000228  0.924  0.076   0.08562
3455.97354279  0.000237  0.921  0.079   0.08562
3460.10748243  0.000264  0.912  0.088   0.08562
3464.24142208  0.00021  0.93  0.07   0.08562
3468.37536172  0.000216  0.928  0.072   0.08562
3472.50930136  0.000261  0.913  0.087   0.08562
3476.64324101  0.000234  0.922  0.078   0.08562
3480.77718065  0.000252  0.916  0.084   0.08562
