0.0  0.003  0.0  1.0   0.13072
4.13393964448  0.003  0.0  1.0   0.13072
8.26787928896  0.002991  0.003  0.997   0.13072
12.4018189334  0.003  0.0  1.0   0.13072
16.5357585779  0.002997  0.001  0.999   0.13072
20.6696982224  0.002973  0.009  0.991   0.13072
24.8036378669  0.002964  0.012  0.988   0.13072
28.9375775114  0.002955  0.015  0.985   0.13072
33.0715171558  0.002955  0.015  0.985   0.13072
37.2054568003  0.002946  0.018  0.982   0.13072
41.3393964448  0.002922  0.026  0.974   0.13072
45.4733360893  0.002925  0.025  0.975   0.13072
49.6072757338  0.002904  0.032  0.968   0.13072
53.7412153783  0.00288  0.04  0.96   0.13072
57.8751550227  0.00288  0.04  0.96   0.13072
62.0090946672  0.002868  0.044  0.956   0.13072
66.1430343117  0.002856  0.048  0.952   0.13072
70.2769739562  0.002817  0.061  0.939   0.13072
74.4109136007  0.002802  0.066  0.934   0.13072
78.5448532451  0.00276  0.08  0.92   0.13072
82.6787928896  0.002778  0.074  0.926   0.13072
86.8127325341  0.002679  0.107  0.893   0.13072
90.9466721786  0.002694  0.102  0.898   0.13072
95.0806118231  0.002649  0.117  0.883   0.13072
99.2145514675  0.002622  0.126  0.874   0.13072
103.348491112  0.002661  0.113  0.887   0.13072
107.482430757  0.002607  0.131  0.869   0.13072
111.616370401  0.002559  0.147  0.853   0.13072
115.750310045  0.002538  0.154  0.846   0.13072
119.88424969  0.002613  0.129  0.871   0.13072
124.018189334  0.002514  0.162  0.838   0.13072
128.152128979  0.002451  0.183  0.817   0.13072
132.286068623  0.002478  0.174  0.826   0.13072
136.420008268  0.002388  0.204  0.796   0.13072
140.553947912  0.0024  0.2  0.8   0.13072
144.687887557  0.002376  0.208  0.792   0.13072
148.821827201  0.002313  0.229  0.771   0.13072
152.955766846  0.002262  0.246  0.754   0.13072
157.08970649  0.002325  0.225  0.775   0.13072
161.223646135  0.002235  0.255  0.745   0.13072
165.357585779  0.002163  0.279  0.721   0.13072
169.491525424  0.002163  0.279  0.721   0.13072
173.625465068  0.00216  0.28  0.72   0.13072
177.759404713  0.002145  0.285  0.715   0.13072
181.893344357  0.002124  0.292  0.708   0.13072
186.027284002  0.0021  0.3  0.7   0.13072
190.161223646  0.002091  0.303  0.697   0.13072
194.295163291  0.0021  0.3  0.7   0.13072
198.429102935  0.001977  0.341  0.659   0.13072
202.56304258  0.00198  0.34  0.66   0.13072
206.696982224  0.001896  0.368  0.632   0.13072
210.830921869  0.001881  0.373  0.627   0.13072
214.964861513  0.001848  0.384  0.616   0.13072
219.098801158  0.001845  0.385  0.615   0.13072
223.232740802  0.00189  0.37  0.63   0.13072
227.366680446  0.001794  0.402  0.598   0.13072
231.500620091  0.001776  0.408  0.592   0.13072
235.634559735  0.001701  0.433  0.567   0.13072
239.76849938  0.001779  0.407  0.593   0.13072
243.902439024  0.00168  0.44  0.56   0.13072
248.036378669  0.001644  0.452  0.548   0.13072
252.170318313  0.001695  0.435  0.565   0.13072
256.304257958  0.001578  0.474  0.526   0.13072
260.438197602  0.001545  0.485  0.515   0.13072
264.572137247  0.001569  0.477  0.523   0.13072
268.706076891  0.001587  0.471  0.529   0.13072
272.840016536  0.001485  0.505  0.495   0.13072
276.97395618  0.001554  0.482  0.518   0.13072
281.107895825  0.001533  0.489  0.511   0.13072
285.241835469  0.00156  0.48  0.52   0.13072
289.375775114  0.001434  0.522  0.478   0.13072
293.509714758  0.001455  0.515  0.485   0.13072
297.643654403  0.001485  0.505  0.495   0.13072
301.777594047  0.001425  0.525  0.475   0.13072
305.911533692  0.001434  0.522  0.478   0.13072
310.045473336  0.001347  0.551  0.449   0.13072
314.179412981  0.001392  0.536  0.464   0.13072
318.313352625  0.001302  0.566  0.434   0.13072
322.44729227  0.001329  0.557  0.443   0.13072
326.581231914  0.001248  0.584  0.416   0.13072
330.715171558  0.001233  0.589  0.411   0.13072
334.849111203  0.001248  0.584  0.416   0.13072
338.983050847  0.001158  0.614  0.386   0.13072
343.116990492  0.001278  0.574  0.426   0.13072
347.250930136  0.00123  0.59  0.41   0.13072
351.384869781  0.001191  0.603  0.397   0.13072
355.518809425  0.001233  0.589  0.411   0.13072
359.65274907  0.001131  0.623  0.377   0.13072
363.786688714  0.001164  0.612  0.388   0.13072
367.920628359  0.001197  0.601  0.399   0.13072
372.054568003  0.001119  0.627  0.373   0.13072
376.188507648  0.001095  0.635  0.365   0.13072
380.322447292  0.001038  0.654  0.346   0.13072
384.456386937  0.001095  0.635  0.365   0.13072
388.590326581  0.001071  0.643  0.357   0.13072
392.724266226  0.001122  0.626  0.374   0.13072
396.85820587  0.001029  0.657  0.343   0.13072
400.992145515  0.000987  0.671  0.329   0.13072
405.126085159  0.001014  0.662  0.338   0.13072
409.260024804  0.000996  0.668  0.332   0.13072
413.393964448  0.000957  0.681  0.319   0.13072
417.527904093  0.000951  0.683  0.317   0.13072
421.661843737  0.000954  0.682  0.318   0.13072
425.795783382  0.000942  0.686  0.314   0.13072
429.929723026  0.000891  0.703  0.297   0.13072
434.063662671  0.000945  0.685  0.315   0.13072
438.197602315  0.000969  0.677  0.323   0.13072
442.331541959  0.000885  0.705  0.295   0.13072
446.465481604  0.000882  0.706  0.294   0.13072
450.599421248  0.000843  0.719  0.281   0.13072
454.733360893  0.00084  0.72  0.28   0.13072
458.867300537  0.000846  0.718  0.282   0.13072
463.001240182  0.000783  0.739  0.261   0.13072
467.135179826  0.000834  0.722  0.278   0.13072
471.269119471  0.000831  0.723  0.277   0.13072
475.403059115  0.000828  0.724  0.276   0.13072
479.53699876  0.000909  0.697  0.303   0.13072
483.670938404  0.000789  0.737  0.263   0.13072
487.804878049  0.000879  0.707  0.293   0.13072
491.938817693  0.000741  0.753  0.247   0.13072
496.072757338  0.000801  0.733  0.267   0.13072
500.206696982  0.000804  0.732  0.268   0.13072
504.340636627  0.000786  0.738  0.262   0.13072
508.474576271  0.000774  0.742  0.258   0.13072
512.608515916  0.000753  0.749  0.251   0.13072
516.74245556  0.000777  0.741  0.259   0.13072
520.876395205  0.000741  0.753  0.247   0.13072
525.010334849  0.00078  0.74  0.26   0.13072
529.144274494  0.000693  0.769  0.231   0.13072
533.278214138  0.000771  0.743  0.257   0.13072
537.412153783  0.000705  0.765  0.235   0.13072
541.546093427  0.000714  0.762  0.238   0.13072
545.680033072  0.000627  0.791  0.209   0.13072
549.813972716  0.000663  0.779  0.221   0.13072
553.94791236  0.000765  0.745  0.255   0.13072
558.081852005  0.000699  0.767  0.233   0.13072
562.215791649  0.000642  0.786  0.214   0.13072
566.349731294  0.000684  0.772  0.228   0.13072
570.483670938  0.00069  0.77  0.23   0.13072
574.617610583  0.00066  0.78  0.22   0.13072
578.751550227  0.000672  0.776  0.224   0.13072
582.885489872  0.000675  0.775  0.225   0.13072
587.019429516  0.00066  0.78  0.22   0.13072
591.153369161  0.0006  0.8  0.2   0.13072
595.287308805  0.000678  0.774  0.226   0.13072
599.42124845  0.000663  0.779  0.221   0.13072
603.555188094  0.000609  0.797  0.203   0.13072
607.689127739  0.000597  0.801  0.199   0.13072
611.823067383  0.000621  0.793  0.207   0.13072
615.957007028  0.000567  0.811  0.189   0.13072
620.090946672  0.000642  0.786  0.214   0.13072
624.224886317  0.000636  0.788  0.212   0.13072
628.358825961  0.000615  0.795  0.205   0.13072
632.492765606  0.000576  0.808  0.192   0.13072
636.62670525  0.000648  0.784  0.216   0.13072
640.760644895  0.000588  0.804  0.196   0.13072
644.894584539  0.000633  0.789  0.211   0.13072
649.028524184  0.000531  0.823  0.177   0.13072
653.162463828  0.000576  0.808  0.192   0.13072
657.296403473  0.000606  0.798  0.202   0.13072
661.430343117  0.000585  0.805  0.195   0.13072
665.564282761  0.000582  0.806  0.194   0.13072
669.698222406  0.000564  0.812  0.188   0.13072
673.83216205  0.000579  0.807  0.193   0.13072
677.966101695  0.000573  0.809  0.191   0.13072
682.100041339  0.000504  0.832  0.168   0.13072
686.233980984  0.000573  0.809  0.191   0.13072
690.367920628  0.000561  0.813  0.187   0.13072
694.501860273  0.00066  0.78  0.22   0.13072
698.635799917  0.000519  0.827  0.173   0.13072
702.769739562  0.000486  0.838  0.162   0.13072
706.903679206  0.000522  0.826  0.174   0.13072
711.037618851  0.000561  0.813  0.187   0.13072
715.171558495  0.000531  0.823  0.177   0.13072
719.30549814  0.000501  0.833  0.167   0.13072
723.439437784  0.000489  0.837  0.163   0.13072
727.573377429  0.000582  0.806  0.194   0.13072
731.707317073  0.000486  0.838  0.162   0.13072
735.841256718  0.000474  0.842  0.158   0.13072
739.975196362  0.000585  0.805  0.195   0.13072
744.109136007  0.000489  0.837  0.163   0.13072
748.243075651  0.000498  0.834  0.166   0.13072
752.377015296  0.000522  0.826  0.174   0.13072
756.51095494  0.000552  0.816  0.184   0.13072
760.644894585  0.000489  0.837  0.163   0.13072
764.778834229  0.000504  0.832  0.168   0.13072
768.912773874  0.000513  0.829  0.171   0.13072
773.046713518  0.000492  0.836  0.164   0.13072
777.180653162  0.000435  0.855  0.145   0.13072
781.314592807  0.000528  0.824  0.176   0.13072
785.448532451  0.000516  0.828  0.172   0.13072
789.582472096  0.000498  0.834  0.166   0.13072
793.71641174  0.000489  0.837  0.163   0.13072
797.850351385  0.000471  0.843  0.157   0.13072
801.984291029  0.000492  0.836  0.164   0.13072
806.118230674  0.000474  0.842  0.158   0.13072
810.252170318  0.000534  0.822  0.178   0.13072
814.386109963  0.000495  0.835  0.165   0.13072
818.520049607  0.000429  0.857  0.143   0.13072
822.653989252  0.00051  0.83  0.17   0.13072
826.787928896  0.000513  0.829  0.171   0.13072
830.921868541  0.000444  0.852  0.148   0.13072
835.055808185  0.000546  0.818  0.182   0.13072
839.18974783  0.000519  0.827  0.173   0.13072
843.323687474  0.000486  0.838  0.162   0.13072
847.457627119  0.000471  0.843  0.157   0.13072
851.591566763  0.000504  0.832  0.168   0.13072
855.725506408  0.000474  0.842  0.158   0.13072
859.859446052  0.000516  0.828  0.172   0.13072
863.993385697  0.000456  0.848  0.152   0.13072
868.127325341  0.00045  0.85  0.15   0.13072
872.261264986  0.000378  0.874  0.126   0.13072
876.39520463  0.000414  0.862  0.138   0.13072
880.529144274  0.000474  0.842  0.158   0.13072
884.663083919  0.000468  0.844  0.156   0.13072
888.797023563  0.000402  0.866  0.134   0.13072
892.930963208  0.00045  0.85  0.15   0.13072
897.064902852  0.000471  0.843  0.157   0.13072
901.198842497  0.000435  0.855  0.145   0.13072
905.332782141  0.000453  0.849  0.151   0.13072
909.466721786  0.000498  0.834  0.166   0.13072
913.60066143  0.000429  0.857  0.143   0.13072
917.734601075  0.000435  0.855  0.145   0.13072
921.868540719  0.000432  0.856  0.144   0.13072
926.002480364  0.000432  0.856  0.144   0.13072
930.136420008  0.000447  0.851  0.149   0.13072
934.270359653  0.000456  0.848  0.152   0.13072
938.404299297  0.000483  0.839  0.161   0.13072
942.538238942  0.000423  0.859  0.141   0.13072
946.672178586  0.000417  0.861  0.139   0.13072
950.806118231  0.000441  0.853  0.147   0.13072
954.940057875  0.000429  0.857  0.143   0.13072
959.07399752  0.00042  0.86  0.14   0.13072
963.207937164  0.000429  0.857  0.143   0.13072
967.341876809  0.000417  0.861  0.139   0.13072
971.475816453  0.000396  0.868  0.132   0.13072
975.609756098  0.000471  0.843  0.157   0.13072
979.743695742  0.000438  0.854  0.146   0.13072
983.877635387  0.000429  0.857  0.143   0.13072
988.011575031  0.00045  0.85  0.15   0.13072
992.145514675  0.000405  0.865  0.135   0.13072
996.27945432  0.000414  0.862  0.138   0.13072
1000.41339396  0.000429  0.857  0.143   0.13072
1004.54733361  0.00048  0.84  0.16   0.13072
1008.68127325  0.000414  0.862  0.138   0.13072
1012.8152129  0.000477  0.841  0.159   0.13072
1016.94915254  0.000426  0.858  0.142   0.13072
1021.08309219  0.000432  0.856  0.144   0.13072
1025.21703183  0.000405  0.865  0.135   0.13072
1029.35097148  0.000462  0.846  0.154   0.13072
1033.48491112  0.000402  0.866  0.134   0.13072
1037.61885076  0.000429  0.857  0.143   0.13072
1041.75279041  0.000366  0.878  0.122   0.13072
1045.88673005  0.00039  0.87  0.13   0.13072
1050.0206697  0.000423  0.859  0.141   0.13072
1054.15460934  0.000438  0.854  0.146   0.13072
1058.28854899  0.000432  0.856  0.144   0.13072
1062.42248863  0.000438  0.854  0.146   0.13072
1066.55642828  0.000438  0.854  0.146   0.13072
1070.69036792  0.000411  0.863  0.137   0.13072
1074.82430757  0.000432  0.856  0.144   0.13072
1078.95824721  0.000387  0.871  0.129   0.13072
1083.09218685  0.00048  0.84  0.16   0.13072
1087.2261265  0.000423  0.859  0.141   0.13072
1091.36006614  0.000444  0.852  0.148   0.13072
1095.49400579  0.000456  0.848  0.152   0.13072
1099.62794543  0.000459  0.847  0.153   0.13072
1103.76188508  0.000372  0.876  0.124   0.13072
1107.89582472  0.00045  0.85  0.15   0.13072
1112.02976437  0.000462  0.846  0.154   0.13072
1116.16370401  0.000429  0.857  0.143   0.13072
1120.29764365  0.000459  0.847  0.153   0.13072
1124.4315833  0.000414  0.862  0.138   0.13072
1128.56552294  0.000411  0.863  0.137   0.13072
1132.69946259  0.000447  0.851  0.149   0.13072
1136.83340223  0.000417  0.861  0.139   0.13072
1140.96734188  0.000423  0.859  0.141   0.13072
1145.10128152  0.000387  0.871  0.129   0.13072
1149.23522117  0.000348  0.884  0.116   0.13072
1153.36916081  0.00042  0.86  0.14   0.13072
1157.50310045  0.000411  0.863  0.137   0.13072
1161.6370401  0.000408  0.864  0.136   0.13072
1165.77097974  0.000405  0.865  0.135   0.13072
1169.90491939  0.000438  0.854  0.146   0.13072
1174.03885903  0.000417  0.861  0.139   0.13072
1178.17279868  0.000426  0.858  0.142   0.13072
1182.30673832  0.000372  0.876  0.124   0.13072
1186.44067797  0.000417  0.861  0.139   0.13072
1190.57461761  0.000435  0.855  0.145   0.13072
1194.70855726  0.000423  0.859  0.141   0.13072
1198.8424969  0.000405  0.865  0.135   0.13072
1202.97643654  0.000438  0.854  0.146   0.13072
1207.11037619  0.000405  0.865  0.135   0.13072
1211.24431583  0.000393  0.869  0.131   0.13072
1215.37825548  0.000384  0.872  0.128   0.13072
1219.51219512  0.000426  0.858  0.142   0.13072
1223.64613477  0.000405  0.865  0.135   0.13072
1227.78007441  0.000429  0.857  0.143   0.13072
1231.91401406  0.000432  0.856  0.144   0.13072
1236.0479537  0.000366  0.878  0.122   0.13072
1240.18189334  0.000408  0.864  0.136   0.13072
1244.31583299  0.000408  0.864  0.136   0.13072
1248.44977263  0.000417  0.861  0.139   0.13072
1252.58371228  0.000402  0.866  0.134   0.13072
1256.71765192  0.000408  0.864  0.136   0.13072
1260.85159157  0.000447  0.851  0.149   0.13072
1264.98553121  0.000363  0.879  0.121   0.13072
1269.11947086  0.000369  0.877  0.123   0.13072
1273.2534105  0.000402  0.866  0.134   0.13072
1277.38735014  0.000345  0.885  0.115   0.13072
1281.52128979  0.000441  0.853  0.147   0.13072
1285.65522943  0.000432  0.856  0.144   0.13072
1289.78916908  0.00036  0.88  0.12   0.13072
1293.92310872  0.000384  0.872  0.128   0.13072
1298.05704837  0.000435  0.855  0.145   0.13072
1302.19098801  0.000342  0.886  0.114   0.13072
1306.32492766  0.000351  0.883  0.117   0.13072
1310.4588673  0.000477  0.841  0.159   0.13072
1314.59280695  0.000342  0.886  0.114   0.13072
1318.72674659  0.000381  0.873  0.127   0.13072
1322.86068623  0.000384  0.872  0.128   0.13072
1326.99462588  0.000462  0.846  0.154   0.13072
1331.12856552  0.000354  0.882  0.118   0.13072
1335.26250517  0.000381  0.873  0.127   0.13072
1339.39644481  0.000381  0.873  0.127   0.13072
1343.53038446  0.000483  0.839  0.161   0.13072
1347.6643241  0.000387  0.871  0.129   0.13072
1351.79826375  0.000366  0.878  0.122   0.13072
1355.93220339  0.000387  0.871  0.129   0.13072
1360.06614303  0.000384  0.872  0.128   0.13072
1364.20008268  0.000405  0.865  0.135   0.13072
1368.33402232  0.000447  0.851  0.149   0.13072
1372.46796197  0.000399  0.867  0.133   0.13072
1376.60190161  0.000408  0.864  0.136   0.13072
1380.73584126  0.00045  0.85  0.15   0.13072
1384.8697809  0.000423  0.859  0.141   0.13072
1389.00372055  0.000405  0.865  0.135   0.13072
1393.13766019  0.000393  0.869  0.131   0.13072
1397.27159983  0.000402  0.866  0.134   0.13072
1401.40553948  0.000396  0.868  0.132   0.13072
1405.53947912  0.00042  0.86  0.14   0.13072
1409.67341877  0.000366  0.878  0.122   0.13072
1413.80735841  0.000423  0.859  0.141   0.13072
1417.94129806  0.000348  0.884  0.116   0.13072
1422.0752377  0.00039  0.87  0.13   0.13072
1426.20917735  0.000429  0.857  0.143   0.13072
1430.34311699  0.00045  0.85  0.15   0.13072
1434.47705663  0.00039  0.87  0.13   0.13072
1438.61099628  0.000438  0.854  0.146   0.13072
1442.74493592  0.000414  0.862  0.138   0.13072
1446.87887557  0.000411  0.863  0.137   0.13072
1451.01281521  0.000375  0.875  0.125   0.13072
1455.14675486  0.00042  0.86  0.14   0.13072
1459.2806945  0.000387  0.871  0.129   0.13072
1463.41463415  0.000381  0.873  0.127   0.13072
1467.54857379  0.000423  0.859  0.141   0.13072
1471.68251344  0.000342  0.886  0.114   0.13072
1475.81645308  0.000441  0.853  0.147   0.13072
1479.95039272  0.000387  0.871  0.129   0.13072
1484.08433237  0.00042  0.86  0.14   0.13072
1488.21827201  0.00042  0.86  0.14   0.13072
1492.35221166  0.000357  0.881  0.119   0.13072
1496.4861513  0.000435  0.855  0.145   0.13072
1500.62009095  0.00039  0.87  0.13   0.13072
1504.75403059  0.00036  0.88  0.12   0.13072
1508.88797024  0.000396  0.868  0.132   0.13072
1513.02190988  0.000363  0.879  0.121   0.13072
1517.15584952  0.000372  0.876  0.124   0.13072
1521.28978917  0.00045  0.85  0.15   0.13072
1525.42372881  0.000402  0.866  0.134   0.13072
1529.55766846  0.000393  0.869  0.131   0.13072
1533.6916081  0.000354  0.882  0.118   0.13072
1537.82554775  0.000387  0.871  0.129   0.13072
1541.95948739  0.000378  0.874  0.126   0.13072
1546.09342704  0.000411  0.863  0.137   0.13072
1550.22736668  0.000387  0.871  0.129   0.13072
1554.36130632  0.000387  0.871  0.129   0.13072
1558.49524597  0.000405  0.865  0.135   0.13072
1562.62918561  0.000393  0.869  0.131   0.13072
1566.76312526  0.000387  0.871  0.129   0.13072
1570.8970649  0.000405  0.865  0.135   0.13072
1575.03100455  0.000393  0.869  0.131   0.13072
1579.16494419  0.000432  0.856  0.144   0.13072
1583.29888384  0.000429  0.857  0.143   0.13072
1587.43282348  0.00039  0.87  0.13   0.13072
1591.56676313  0.000402  0.866  0.134   0.13072
1595.70070277  0.000354  0.882  0.118   0.13072
1599.83464241  0.000348  0.884  0.116   0.13072
1603.96858206  0.000417  0.861  0.139   0.13072
1608.1025217  0.000483  0.839  0.161   0.13072
1612.23646135  0.000366  0.878  0.122   0.13072
1616.37040099  0.000402  0.866  0.134   0.13072
1620.50434064  0.000378  0.874  0.126   0.13072
1624.63828028  0.000426  0.858  0.142   0.13072
1628.77221993  0.000351  0.883  0.117   0.13072
1632.90615957  0.000393  0.869  0.131   0.13072
1637.04009921  0.000438  0.854  0.146   0.13072
1641.17403886  0.000384  0.872  0.128   0.13072
1645.3079785  0.000366  0.878  0.122   0.13072
1649.44191815  0.00036  0.88  0.12   0.13072
1653.57585779  0.000387  0.871  0.129   0.13072
1657.70979744  0.000408  0.864  0.136   0.13072
1661.84373708  0.00042  0.86  0.14   0.13072
1665.97767673  0.000381  0.873  0.127   0.13072
1670.11161637  0.000399  0.867  0.133   0.13072
1674.24555601  0.000348  0.884  0.116   0.13072
1678.37949566  0.000408  0.864  0.136   0.13072
1682.5134353  0.000375  0.875  0.125   0.13072
1686.64737495  0.000369  0.877  0.123   0.13072
1690.78131459  0.000345  0.885  0.115   0.13072
1694.91525424  0.000438  0.854  0.146   0.13072
1699.04919388  0.000471  0.843  0.157   0.13072
1703.18313353  0.000447  0.851  0.149   0.13072
1707.31707317  0.000405  0.865  0.135   0.13072
1711.45101282  0.000369  0.877  0.123   0.13072
1715.58495246  0.000402  0.866  0.134   0.13072
1719.7188921  0.000375  0.875  0.125   0.13072
1723.85283175  0.000417  0.861  0.139   0.13072
1727.98677139  0.000333  0.889  0.111   0.13072
1732.12071104  0.000378  0.874  0.126   0.13072
1736.25465068  0.000387  0.871  0.129   0.13072
1740.38859033  0.000411  0.863  0.137   0.13072
1744.52252997  0.000384  0.872  0.128   0.13072
1748.65646962  0.000423  0.859  0.141   0.13072
1752.79040926  0.000399  0.867  0.133   0.13072
1756.9243489  0.000378  0.874  0.126   0.13072
1761.05828855  0.000393  0.869  0.131   0.13072
1765.19222819  0.000417  0.861  0.139   0.13072
1769.32616784  0.000423  0.859  0.141   0.13072
1773.46010748  0.000429  0.857  0.143   0.13072
1777.59404713  0.000435  0.855  0.145   0.13072
1781.72798677  0.000444  0.852  0.148   0.13072
1785.86192642  0.00045  0.85  0.15   0.13072
1789.99586606  0.000366  0.878  0.122   0.13072
1794.1298057  0.000402  0.866  0.134   0.13072
1798.26374535  0.000387  0.871  0.129   0.13072
1802.39768499  0.000405  0.865  0.135   0.13072
1806.53162464  0.000429  0.857  0.143   0.13072
1810.66556428  0.00039  0.87  0.13   0.13072
1814.79950393  0.000414  0.862  0.138   0.13072
1818.93344357  0.000381  0.873  0.127   0.13072
1823.06738322  0.000435  0.855  0.145   0.13072
1827.20132286  0.000402  0.866  0.134   0.13072
1831.33526251  0.00042  0.86  0.14   0.13072
1835.46920215  0.000375  0.875  0.125   0.13072
1839.60314179  0.000426  0.858  0.142   0.13072
1843.73708144  0.000426  0.858  0.142   0.13072
1847.87102108  0.000459  0.847  0.153   0.13072
1852.00496073  0.000384  0.872  0.128   0.13072
1856.13890037  0.000342  0.886  0.114   0.13072
1860.27284002  0.000444  0.852  0.148   0.13072
1864.40677966  0.000375  0.875  0.125   0.13072
1868.54071931  0.000306  0.898  0.102   0.13072
1872.67465895  0.000387  0.871  0.129   0.13072
1876.80859859  0.000408  0.864  0.136   0.13072
1880.94253824  0.000378  0.874  0.126   0.13072
1885.07647788  0.000432  0.856  0.144   0.13072
1889.21041753  0.000372  0.876  0.124   0.13072
1893.34435717  0.000432  0.856  0.144   0.13072
1897.47829682  0.000357  0.881  0.119   0.13072
1901.61223646  0.000414  0.862  0.138   0.13072
1905.74617611  0.000453  0.849  0.151   0.13072
1909.88011575  0.000426  0.858  0.142   0.13072
1914.01405539  0.000342  0.886  0.114   0.13072
1918.14799504  0.00039  0.87  0.13   0.13072
1922.28193468  0.000384  0.872  0.128   0.13072
1926.41587433  0.000438  0.854  0.146   0.13072
1930.54981397  0.000387  0.871  0.129   0.13072
1934.68375362  0.000372  0.876  0.124   0.13072
1938.81769326  0.000387  0.871  0.129   0.13072
1942.95163291  0.000423  0.859  0.141   0.13072
1947.08557255  0.000411  0.863  0.137   0.13072
1951.2195122  0.000414  0.862  0.138   0.13072
1955.35345184  0.000426  0.858  0.142   0.13072
1959.48739148  0.000378  0.874  0.126   0.13072
1963.62133113  0.000351  0.883  0.117   0.13072
1967.75527077  0.000354  0.882  0.118   0.13072
1971.88921042  0.000402  0.866  0.134   0.13072
1976.02315006  0.000387  0.871  0.129   0.13072
1980.15708971  0.000465  0.845  0.155   0.13072
1984.29102935  0.000432  0.856  0.144   0.13072
1988.424969  0.000435  0.855  0.145   0.13072
1992.55890864  0.00039  0.87  0.13   0.13072
1996.69284828  0.00039  0.87  0.13   0.13072
2000.82678793  0.000309  0.897  0.103   0.13072
2004.96072757  0.000381  0.873  0.127   0.13072
2009.09466722  0.000345  0.885  0.115   0.13072
2013.22860686  0.000417  0.861  0.139   0.13072
2017.36254651  0.000357  0.881  0.119   0.13072
2021.49648615  0.000405  0.865  0.135   0.13072
2025.6304258  0.000414  0.862  0.138   0.13072
2029.76436544  0.000408  0.864  0.136   0.13072
2033.89830508  0.000414  0.862  0.138   0.13072
2038.03224473  0.000354  0.882  0.118   0.13072
2042.16618437  0.000381  0.873  0.127   0.13072
2046.30012402  0.000327  0.891  0.109   0.13072
2050.43406366  0.00039  0.87  0.13   0.13072
2054.56800331  0.000387  0.871  0.129   0.13072
2058.70194295  0.000408  0.864  0.136   0.13072
2062.8358826  0.000363  0.879  0.121   0.13072
2066.96982224  0.000414  0.862  0.138   0.13072
2071.10376189  0.00036  0.88  0.12   0.13072
2075.23770153  0.000405  0.865  0.135   0.13072
2079.37164117  0.000375  0.875  0.125   0.13072
2083.50558082  0.000408  0.864  0.136   0.13072
2087.63952046  0.000405  0.865  0.135   0.13072
2091.77346011  0.000399  0.867  0.133   0.13072
2095.90739975  0.000402  0.866  0.134   0.13072
2100.0413394  0.000417  0.861  0.139   0.13072
2104.17527904  0.000405  0.865  0.135   0.13072
2108.30921869  0.000357  0.881  0.119   0.13072
2112.44315833  0.000396  0.868  0.132   0.13072
2116.57709797  0.000381  0.873  0.127   0.13072
2120.71103762  0.000432  0.856  0.144   0.13072
2124.84497726  0.000408  0.864  0.136   0.13072
2128.97891691  0.000357  0.881  0.119   0.13072
2133.11285655  0.000342  0.886  0.114   0.13072
2137.2467962  0.000417  0.861  0.139   0.13072
2141.38073584  0.000414  0.862  0.138   0.13072
2145.51467549  0.000381  0.873  0.127   0.13072
2149.64861513  0.000366  0.878  0.122   0.13072
2153.78255477  0.000375  0.875  0.125   0.13072
2157.91649442  0.000417  0.861  0.139   0.13072
2162.05043406  0.000378  0.874  0.126   0.13072
2166.18437371  0.000399  0.867  0.133   0.13072
2170.31831335  0.000423  0.859  0.141   0.13072
2174.452253  0.000372  0.876  0.124   0.13072
2178.58619264  0.000303  0.899  0.101   0.13072
2182.72013229  0.000456  0.848  0.152   0.13072
2186.85407193  0.000345  0.885  0.115   0.13072
2190.98801158  0.000414  0.862  0.138   0.13072
2195.12195122  0.00039  0.87  0.13   0.13072
2199.25589086  0.000357  0.881  0.119   0.13072
2203.38983051  0.000408  0.864  0.136   0.13072
2207.52377015  0.000351  0.883  0.117   0.13072
2211.6577098  0.00033  0.89  0.11   0.13072
2215.79164944  0.000408  0.864  0.136   0.13072
2219.92558909  0.000414  0.862  0.138   0.13072
2224.05952873  0.000393  0.869  0.131   0.13072
2228.19346838  0.000438  0.854  0.146   0.13072
2232.32740802  0.000357  0.881  0.119   0.13072
2236.46134766  0.000387  0.871  0.129   0.13072
2240.59528731  0.000381  0.873  0.127   0.13072
2244.72922695  0.000375  0.875  0.125   0.13072
2248.8631666  0.000414  0.862  0.138   0.13072
2252.99710624  0.000426  0.858  0.142   0.13072
2257.13104589  0.00042  0.86  0.14   0.13072
2261.26498553  0.000384  0.872  0.128   0.13072
2265.39892518  0.000411  0.863  0.137   0.13072
2269.53286482  0.000387  0.871  0.129   0.13072
2273.66680446  0.000393  0.869  0.131   0.13072
2277.80074411  0.000405  0.865  0.135   0.13072
2281.93468375  0.000366  0.878  0.122   0.13072
2286.0686234  0.000387  0.871  0.129   0.13072
2290.20256304  0.000417  0.861  0.139   0.13072
2294.33650269  0.000357  0.881  0.119   0.13072
2298.47044233  0.000453  0.849  0.151   0.13072
2302.60438198  0.000459  0.847  0.153   0.13072
2306.73832162  0.00036  0.88  0.12   0.13072
2310.87226126  0.00036  0.88  0.12   0.13072
2315.00620091  0.000399  0.867  0.133   0.13072
2319.14014055  0.000414  0.862  0.138   0.13072
2323.2740802  0.00036  0.88  0.12   0.13072
2327.40801984  0.000381  0.873  0.127   0.13072
2331.54195949  0.000345  0.885  0.115   0.13072
2335.67589913  0.000342  0.886  0.114   0.13072
2339.80983878  0.000351  0.883  0.117   0.13072
2343.94377842  0.000399  0.867  0.133   0.13072
2348.07771807  0.000387  0.871  0.129   0.13072
2352.21165771  0.000381  0.873  0.127   0.13072
2356.34559735  0.000348  0.884  0.116   0.13072
2360.479537  0.000399  0.867  0.133   0.13072
2364.61347664  0.000357  0.881  0.119   0.13072
2368.74741629  0.000417  0.861  0.139   0.13072
2372.88135593  0.000402  0.866  0.134   0.13072
2377.01529558  0.000372  0.876  0.124   0.13072
2381.14923522  0.00039  0.87  0.13   0.13072
2385.28317487  0.000381  0.873  0.127   0.13072
2389.41711451  0.000336  0.888  0.112   0.13072
2393.55105415  0.000345  0.885  0.115   0.13072
2397.6849938  0.000366  0.878  0.122   0.13072
2401.81893344  0.00048  0.84  0.16   0.13072
2405.95287309  0.000402  0.866  0.134   0.13072
2410.08681273  0.000384  0.872  0.128   0.13072
2414.22075238  0.00042  0.86  0.14   0.13072
2418.35469202  0.000417  0.861  0.139   0.13072
2422.48863167  0.000411  0.863  0.137   0.13072
2426.62257131  0.00039  0.87  0.13   0.13072
2430.75651095  0.00042  0.86  0.14   0.13072
2434.8904506  0.000369  0.877  0.123   0.13072
2439.02439024  0.000267  0.911  0.089   0.13072
2443.15832989  0.000414  0.862  0.138   0.13072
2447.29226953  0.000432  0.856  0.144   0.13072
2451.42620918  0.000417  0.861  0.139   0.13072
2455.56014882  0.000441  0.853  0.147   0.13072
2459.69408847  0.000387  0.871  0.129   0.13072
2463.82802811  0.000303  0.899  0.101   0.13072
2467.96196776  0.000426  0.858  0.142   0.13072
2472.0959074  0.000357  0.881  0.119   0.13072
2476.22984704  0.000354  0.882  0.118   0.13072
2480.36378669  0.000441  0.853  0.147   0.13072
2484.49772633  0.000411  0.863  0.137   0.13072
2488.63166598  0.000429  0.857  0.143   0.13072
2492.76560562  0.000336  0.888  0.112   0.13072
2496.89954527  0.000357  0.881  0.119   0.13072
2501.03348491  0.00039  0.87  0.13   0.13072
2505.16742456  0.000369  0.877  0.123   0.13072
2509.3013642  0.000399  0.867  0.133   0.13072
2513.43530384  0.00033  0.89  0.11   0.13072
2517.56924349  0.000333  0.889  0.111   0.13072
2521.70318313  0.000333  0.889  0.111   0.13072
2525.83712278  0.000366  0.878  0.122   0.13072
2529.97106242  0.000369  0.877  0.123   0.13072
2534.10500207  0.00042  0.86  0.14   0.13072
2538.23894171  0.000384  0.872  0.128   0.13072
2542.37288136  0.00042  0.86  0.14   0.13072
2546.506821  0.000384  0.872  0.128   0.13072
2550.64076064  0.000444  0.852  0.148   0.13072
2554.77470029  0.000372  0.876  0.124   0.13072
2558.90863993  0.000438  0.854  0.146   0.13072
2563.04257958  0.000411  0.863  0.137   0.13072
2567.17651922  0.000366  0.878  0.122   0.13072
2571.31045887  0.000441  0.853  0.147   0.13072
2575.44439851  0.000399  0.867  0.133   0.13072
2579.57833816  0.000411  0.863  0.137   0.13072
2583.7122778  0.000426  0.858  0.142   0.13072
2587.84621745  0.000381  0.873  0.127   0.13072
2591.98015709  0.000405  0.865  0.135   0.13072
2596.11409673  0.000399  0.867  0.133   0.13072
2600.24803638  0.000483  0.839  0.161   0.13072
2604.38197602  0.000453  0.849  0.151   0.13072
2608.51591567  0.00036  0.88  0.12   0.13072
2612.64985531  0.000369  0.877  0.123   0.13072
2616.78379496  0.000405  0.865  0.135   0.13072
2620.9177346  0.000426  0.858  0.142   0.13072
2625.05167425  0.00045  0.85  0.15   0.13072
2629.18561389  0.000435  0.855  0.145   0.13072
2633.31955353  0.000354  0.882  0.118   0.13072
2637.45349318  0.000405  0.865  0.135   0.13072
2641.58743282  0.000369  0.877  0.123   0.13072
2645.72137247  0.000435  0.855  0.145   0.13072
2649.85531211  0.000408  0.864  0.136   0.13072
2653.98925176  0.000348  0.884  0.116   0.13072
2658.1231914  0.000366  0.878  0.122   0.13072
2662.25713105  0.000402  0.866  0.134   0.13072
2666.39107069  0.000363  0.879  0.121   0.13072
2670.52501033  0.000354  0.882  0.118   0.13072
2674.65894998  0.000432  0.856  0.144   0.13072
2678.79288962  0.000396  0.868  0.132   0.13072
2682.92682927  0.000393  0.869  0.131   0.13072
2687.06076891  0.00042  0.86  0.14   0.13072
2691.19470856  0.00045  0.85  0.15   0.13072
2695.3286482  0.000372  0.876  0.124   0.13072
2699.46258785  0.00039  0.87  0.13   0.13072
2703.59652749  0.000378  0.874  0.126   0.13072
2707.73046714  0.000453  0.849  0.151   0.13072
2711.86440678  0.000333  0.889  0.111   0.13072
2715.99834642  0.000291  0.903  0.097   0.13072
2720.13228607  0.000336  0.888  0.112   0.13072
2724.26622571  0.000378  0.874  0.126   0.13072
2728.40016536  0.000441  0.853  0.147   0.13072
2732.534105  0.000399  0.867  0.133   0.13072
2736.66804465  0.000378  0.874  0.126   0.13072
2740.80198429  0.000396  0.868  0.132   0.13072
2744.93592394  0.000399  0.867  0.133   0.13072
2749.06986358  0.000393  0.869  0.131   0.13072
2753.20380322  0.000402  0.866  0.134   0.13072
2757.33774287  0.000375  0.875  0.125   0.13072
2761.47168251  0.000381  0.873  0.127   0.13072
2765.60562216  0.000351  0.883  0.117   0.13072
2769.7395618  0.000366  0.878  0.122   0.13072
2773.87350145  0.000411  0.863  0.137   0.13072
2778.00744109  0.000339  0.887  0.113   0.13072
2782.14138074  0.000372  0.876  0.124   0.13072
2786.27532038  0.000318  0.894  0.106   0.13072
2790.40926002  0.00039  0.87  0.13   0.13072
2794.54319967  0.000396  0.868  0.132   0.13072
2798.67713931  0.000378  0.874  0.126   0.13072
2802.81107896  0.00036  0.88  0.12   0.13072
2806.9450186  0.000375  0.875  0.125   0.13072
2811.07895825  0.000396  0.868  0.132   0.13072
2815.21289789  0.000369  0.877  0.123   0.13072
2819.34683754  0.000384  0.872  0.128   0.13072
2823.48077718  0.000396  0.868  0.132   0.13072
2827.61471683  0.000399  0.867  0.133   0.13072
2831.74865647  0.000402  0.866  0.134   0.13072
2835.88259611  0.000396  0.868  0.132   0.13072
2840.01653576  0.000432  0.856  0.144   0.13072
2844.1504754  0.000387  0.871  0.129   0.13072
2848.28441505  0.000411  0.863  0.137   0.13072
2852.41835469  0.000417  0.861  0.139   0.13072
2856.55229434  0.000381  0.873  0.127   0.13072
2860.68623398  0.000435  0.855  0.145   0.13072
2864.82017363  0.000411  0.863  0.137   0.13072
2868.95411327  0.000384  0.872  0.128   0.13072
2873.08805291  0.000378  0.874  0.126   0.13072
2877.22199256  0.000339  0.887  0.113   0.13072
2881.3559322  0.000399  0.867  0.133   0.13072
2885.48987185  0.000387  0.871  0.129   0.13072
2889.62381149  0.000384  0.872  0.128   0.13072
2893.75775114  0.000372  0.876  0.124   0.13072
2897.89169078  0.000381  0.873  0.127   0.13072
2902.02563043  0.000405  0.865  0.135   0.13072
2906.15957007  0.00036  0.88  0.12   0.13072
2910.29350971  0.000432  0.856  0.144   0.13072
2914.42744936  0.000387  0.871  0.129   0.13072
2918.561389  0.000396  0.868  0.132   0.13072
2922.69532865  0.00039  0.87  0.13   0.13072
2926.82926829  0.000423  0.859  0.141   0.13072
2930.96320794  0.00036  0.88  0.12   0.13072
2935.09714758  0.000372  0.876  0.124   0.13072
2939.23108723  0.000366  0.878  0.122   0.13072
2943.36502687  0.000387  0.871  0.129   0.13072
2947.49896652  0.000384  0.872  0.128   0.13072
2951.63290616  0.000363  0.879  0.121   0.13072
2955.7668458  0.000402  0.866  0.134   0.13072
2959.90078545  0.000345  0.885  0.115   0.13072
2964.03472509  0.000444  0.852  0.148   0.13072
2968.16866474  0.000423  0.859  0.141   0.13072
2972.30260438  0.000396  0.868  0.132   0.13072
2976.43654403  0.000339  0.887  0.113   0.13072
2980.57048367  0.000429  0.857  0.143   0.13072
2984.70442332  0.000369  0.877  0.123   0.13072
2988.83836296  0.000363  0.879  0.121   0.13072
2992.9723026  0.000387  0.871  0.129   0.13072
2997.10624225  0.000417  0.861  0.139   0.13072
3001.24018189  0.000396  0.868  0.132   0.13072
3005.37412154  0.000354  0.882  0.118   0.13072
3009.50806118  0.00036  0.88  0.12   0.13072
3013.64200083  0.000411  0.863  0.137   0.13072
3017.77594047  0.000366  0.878  0.122   0.13072
3021.90988012  0.000345  0.885  0.115   0.13072
3026.04381976  0.000396  0.868  0.132   0.13072
3030.1777594  0.000339  0.887  0.113   0.13072
3034.31169905  0.000369  0.877  0.123   0.13072
3038.44563869  0.000408  0.864  0.136   0.13072
3042.57957834  0.00039  0.87  0.13   0.13072
3046.71351798  0.00039  0.87  0.13   0.13072
3050.84745763  0.000378  0.874  0.126   0.13072
3054.98139727  0.000375  0.875  0.125   0.13072
3059.11533692  0.000429  0.857  0.143   0.13072
3063.24927656  0.00042  0.86  0.14   0.13072
3067.38321621  0.000354  0.882  0.118   0.13072
3071.51715585  0.000357  0.881  0.119   0.13072
3075.65109549  0.000366  0.878  0.122   0.13072
3079.78503514  0.000321  0.893  0.107   0.13072
3083.91897478  0.000375  0.875  0.125   0.13072
3088.05291443  0.00039  0.87  0.13   0.13072
3092.18685407  0.000381  0.873  0.127   0.13072
3096.32079372  0.00039  0.87  0.13   0.13072
3100.45473336  0.000336  0.888  0.112   0.13072
3104.58867301  0.000393  0.869  0.131   0.13072
3108.72261265  0.000408  0.864  0.136   0.13072
3112.85655229  0.000426  0.858  0.142   0.13072
3116.99049194  0.000366  0.878  0.122   0.13072
3121.12443158  0.000405  0.865  0.135   0.13072
3125.25837123  0.000408  0.864  0.136   0.13072
3129.39231087  0.000351  0.883  0.117   0.13072
3133.52625052  0.000381  0.873  0.127   0.13072
3137.66019016  0.000435  0.855  0.145   0.13072
3141.79412981  0.000381  0.873  0.127   0.13072
3145.92806945  0.000372  0.876  0.124   0.13072
3150.06200909  0.000354  0.882  0.118   0.13072
3154.19594874  0.000339  0.887  0.113   0.13072
3158.32988838  0.000348  0.884  0.116   0.13072
3162.46382803  0.000429  0.857  0.143   0.13072
3166.59776767  0.000381  0.873  0.127   0.13072
3170.73170732  0.000378  0.874  0.126   0.13072
3174.86564696  0.000375  0.875  0.125   0.13072
3178.99958661  0.000309  0.897  0.103   0.13072
3183.13352625  0.000369  0.877  0.123   0.13072
3187.26746589  0.000426  0.858  0.142   0.13072
3191.40140554  0.000363  0.879  0.121   0.13072
3195.53534518  0.00039  0.87  0.13   0.13072
3199.66928483  0.00036  0.88  0.12   0.13072
3203.80322447  0.000369  0.877  0.123   0.13072
3207.93716412  0.000381  0.873  0.127   0.13072
3212.07110376  0.000381  0.873  0.127   0.13072
3216.20504341  0.000426  0.858  0.142   0.13072
3220.33898305  0.000363  0.879  0.121   0.13072
3224.4729227  0.00042  0.86  0.14   0.13072
3228.60686234  0.000417  0.861  0.139   0.13072
3232.74080198  0.000387  0.871  0.129   0.13072
3236.87474163  0.00042  0.86  0.14   0.13072
3241.00868127  0.000366  0.878  0.122   0.13072
3245.14262092  0.000402  0.866  0.134   0.13072
3249.27656056  0.000378  0.874  0.126   0.13072
3253.41050021  0.000402  0.866  0.134   0.13072
3257.54443985  0.000348  0.884  0.116   0.13072
3261.6783795  0.00039  0.87  0.13   0.13072
3265.81231914  0.000372  0.876  0.124   0.13072
3269.94625878  0.000354  0.882  0.118   0.13072
3274.08019843  0.00039  0.87  0.13   0.13072
3278.21413807  0.000405  0.865  0.135   0.13072
3282.34807772  0.000363  0.879  0.121   0.13072
3286.48201736  0.000456  0.848  0.152   0.13072
3290.61595701  0.00036  0.88  0.12   0.13072
3294.74989665  0.00039  0.87  0.13   0.13072
3298.8838363  0.000366  0.878  0.122   0.13072
3303.01777594  0.000375  0.875  0.125   0.13072
3307.15171558  0.000342  0.886  0.114   0.13072
3311.28565523  0.000384  0.872  0.128   0.13072
3315.41959487  0.000336  0.888  0.112   0.13072
3319.55353452  0.000378  0.874  0.126   0.13072
3323.68747416  0.00039  0.87  0.13   0.13072
3327.82141381  0.000366  0.878  0.122   0.13072
3331.95535345  0.000387  0.871  0.129   0.13072
3336.0892931  0.000339  0.887  0.113   0.13072
3340.22323274  0.000441  0.853  0.147   0.13072
3344.35717239  0.000357  0.881  0.119   0.13072
3348.49111203  0.000381  0.873  0.127   0.13072
3352.62505167  0.000369  0.877  0.123   0.13072
3356.75899132  0.000378  0.874  0.126   0.13072
3360.89293096  0.000363  0.879  0.121   0.13072
3365.02687061  0.000372  0.876  0.124   0.13072
3369.16081025  0.000378  0.874  0.126   0.13072
3373.2947499  0.00039  0.87  0.13   0.13072
3377.42868954  0.000369  0.877  0.123   0.13072
3381.56262919  0.000447  0.851  0.149   0.13072
3385.69656883  0.000372  0.876  0.124   0.13072
3389.83050847  0.000384  0.872  0.128   0.13072
3393.96444812  0.000417  0.861  0.139   0.13072
3398.09838776  0.000432  0.856  0.144   0.13072
3402.23232741  0.000342  0.886  0.114   0.13072
3406.36626705  0.000384  0.872  0.128   0.13072
3410.5002067  0.000345  0.885  0.115   0.13072
3414.63414634  0.000402  0.866  0.134   0.13072
3418.76808599  0.000354  0.882  0.118   0.13072
3422.90202563  0.000375  0.875  0.125   0.13072
3427.03596527  0.000372  0.876  0.124   0.13072
3431.16990492  0.000393  0.869  0.131   0.13072
3435.30384456  0.000345  0.885  0.115   0.13072
3439.43778421  0.000405  0.865  0.135   0.13072
3443.57172385  0.000384  0.872  0.128   0.13072
3447.7056635  0.00042  0.86  0.14   0.13072
3451.83960314  0.000387  0.871  0.129   0.13072
3455.97354279  0.000339  0.887  0.113   0.13072
3460.10748243  0.000387  0.871  0.129   0.13072
3464.24142208  0.000399  0.867  0.133   0.13072
3468.37536172  0.000384  0.872  0.128   0.13072
3472.50930136  0.000414  0.862  0.138   0.13072
