0.0  0.003  0.0  1.0   0.00869
4.13393964448  0.003  0.0  1.0   0.00869
8.26787928896  0.002988  0.004  0.996   0.00869
12.4018189334  0.003  0.0  1.0   0.00869
16.5357585779  0.002991  0.003  0.997   0.00869
20.6696982224  0.00297  0.01  0.99   0.00869
24.8036378669  0.002973  0.009  0.991   0.00869
28.9375775114  0.002949  0.017  0.983   0.00869
33.0715171558  0.002952  0.016  0.984   0.00869
37.2054568003  0.002931  0.023  0.977   0.00869
41.3393964448  0.002901  0.033  0.967   0.00869
45.4733360893  0.002907  0.031  0.969   0.00869
49.6072757338  0.002895  0.035  0.965   0.00869
53.7412153783  0.002886  0.038  0.962   0.00869
57.8751550227  0.002847  0.051  0.949   0.00869
62.0090946672  0.002778  0.074  0.926   0.00869
66.1430343117  0.002793  0.069  0.931   0.00869
70.2769739562  0.002748  0.084  0.916   0.00869
74.4109136007  0.002754  0.082  0.918   0.00869
78.5448532451  0.002682  0.106  0.894   0.00869
82.6787928896  0.002703  0.099  0.901   0.00869
86.8127325341  0.002679  0.107  0.893   0.00869
90.9466721786  0.002628  0.124  0.876   0.00869
95.0806118231  0.002592  0.136  0.864   0.00869
99.2145514675  0.002511  0.163  0.837   0.00869
103.348491112  0.002511  0.163  0.837   0.00869
107.482430757  0.002508  0.164  0.836   0.00869
111.616370401  0.002409  0.197  0.803   0.00869
115.750310045  0.002445  0.185  0.815   0.00869
119.88424969  0.002409  0.197  0.803   0.00869
124.018189334  0.002415  0.195  0.805   0.00869
128.152128979  0.002325  0.225  0.775   0.00869
132.286068623  0.002211  0.263  0.737   0.00869
136.420008268  0.002199  0.267  0.733   0.00869
140.553947912  0.002184  0.272  0.728   0.00869
144.687887557  0.002139  0.287  0.713   0.00869
148.821827201  0.00213  0.29  0.71   0.00869
152.955766846  0.002022  0.326  0.674   0.00869
157.08970649  0.002031  0.323  0.677   0.00869
161.223646135  0.001995  0.335  0.665   0.00869
165.357585779  0.002004  0.332  0.668   0.00869
169.491525424  0.001929  0.357  0.643   0.00869
173.625465068  0.001923  0.359  0.641   0.00869
177.759404713  0.001989  0.337  0.663   0.00869
181.893344357  0.001785  0.405  0.595   0.00869
186.027284002  0.001785  0.405  0.595   0.00869
190.161223646  0.001824  0.392  0.608   0.00869
194.295163291  0.001788  0.404  0.596   0.00869
198.429102935  0.001659  0.447  0.553   0.00869
202.56304258  0.001656  0.448  0.552   0.00869
206.696982224  0.001614  0.462  0.538   0.00869
210.830921869  0.001539  0.487  0.513   0.00869
214.964861513  0.001557  0.481  0.519   0.00869
219.098801158  0.001398  0.534  0.466   0.00869
223.232740802  0.001452  0.516  0.484   0.00869
227.366680446  0.001428  0.524  0.476   0.00869
231.500620091  0.001428  0.524  0.476   0.00869
235.634559735  0.001371  0.543  0.457   0.00869
239.76849938  0.001335  0.555  0.445   0.00869
243.902439024  0.001317  0.561  0.439   0.00869
248.036378669  0.001332  0.556  0.444   0.00869
252.170318313  0.001239  0.587  0.413   0.00869
256.304257958  0.00129  0.57  0.43   0.00869
260.438197602  0.001167  0.611  0.389   0.00869
264.572137247  0.001176  0.608  0.392   0.00869
268.706076891  0.001176  0.608  0.392   0.00869
272.840016536  0.001116  0.628  0.372   0.00869
276.97395618  0.000984  0.672  0.328   0.00869
281.107895825  0.001068  0.644  0.356   0.00869
285.241835469  0.001041  0.653  0.347   0.00869
289.375775114  0.000966  0.678  0.322   0.00869
293.509714758  0.000984  0.672  0.328   0.00869
297.643654403  0.000939  0.687  0.313   0.00869
301.777594047  0.000957  0.681  0.319   0.00869
305.911533692  0.000918  0.694  0.306   0.00869
310.045473336  0.000855  0.715  0.285   0.00869
314.179412981  0.000849  0.717  0.283   0.00869
318.313352625  0.000897  0.701  0.299   0.00869
322.44729227  0.000891  0.703  0.297   0.00869
326.581231914  0.00081  0.73  0.27   0.00869
330.715171558  0.000795  0.735  0.265   0.00869
334.849111203  0.000855  0.715  0.285   0.00869
338.983050847  0.000696  0.768  0.232   0.00869
343.116990492  0.000723  0.759  0.241   0.00869
347.250930136  0.000735  0.755  0.245   0.00869
351.384869781  0.00069  0.77  0.23   0.00869
355.518809425  0.000648  0.784  0.216   0.00869
359.65274907  0.000633  0.789  0.211   0.00869
363.786688714  0.000672  0.776  0.224   0.00869
367.920628359  0.000606  0.798  0.202   0.00869
372.054568003  0.000657  0.781  0.219   0.00869
376.188507648  0.000588  0.804  0.196   0.00869
380.322447292  0.000612  0.796  0.204   0.00869
384.456386937  0.000612  0.796  0.204   0.00869
388.590326581  0.00057  0.81  0.19   0.00869
392.724266226  0.000534  0.822  0.178   0.00869
396.85820587  0.000525  0.825  0.175   0.00869
400.992145515  0.000513  0.829  0.171   0.00869
405.126085159  0.000531  0.823  0.177   0.00869
409.260024804  0.000432  0.856  0.144   0.00869
413.393964448  0.000465  0.845  0.155   0.00869
417.527904093  0.000471  0.843  0.157   0.00869
421.661843737  0.000486  0.838  0.162   0.00869
425.795783382  0.000441  0.853  0.147   0.00869
429.929723026  0.000399  0.867  0.133   0.00869
434.063662671  0.000381  0.873  0.127   0.00869
438.197602315  0.000402  0.866  0.134   0.00869
442.331541959  0.000429  0.857  0.143   0.00869
446.465481604  0.000411  0.863  0.137   0.00869
450.599421248  0.00042  0.86  0.14   0.00869
454.733360893  0.00039  0.87  0.13   0.00869
458.867300537  0.000348  0.884  0.116   0.00869
463.001240182  0.000408  0.864  0.136   0.00869
467.135179826  0.000357  0.881  0.119   0.00869
471.269119471  0.000357  0.881  0.119   0.00869
475.403059115  0.000324  0.892  0.108   0.00869
479.53699876  0.000309  0.897  0.103   0.00869
483.670938404  0.000318  0.894  0.106   0.00869
487.804878049  0.000282  0.906  0.094   0.00869
491.938817693  0.000282  0.906  0.094   0.00869
496.072757338  0.0003  0.9  0.1   0.00869
500.206696982  0.000279  0.907  0.093   0.00869
504.340636627  0.00027  0.91  0.09   0.00869
508.474576271  0.000276  0.908  0.092   0.00869
512.608515916  0.000321  0.893  0.107   0.00869
516.74245556  0.00024  0.92  0.08   0.00869
520.876395205  0.000258  0.914  0.086   0.00869
525.010334849  0.000276  0.908  0.092   0.00869
529.144274494  0.000285  0.905  0.095   0.00869
533.278214138  0.000231  0.923  0.077   0.00869
537.412153783  0.000192  0.936  0.064   0.00869
541.546093427  0.000228  0.924  0.076   0.00869
545.680033072  0.000246  0.918  0.082   0.00869
549.813972716  0.000195  0.935  0.065   0.00869
553.94791236  0.000186  0.938  0.062   0.00869
558.081852005  0.000219  0.927  0.073   0.00869
562.215791649  0.000213  0.929  0.071   0.00869
566.349731294  0.000231  0.923  0.077   0.00869
570.483670938  0.000231  0.923  0.077   0.00869
574.617610583  0.00021  0.93  0.07   0.00869
578.751550227  0.000156  0.948  0.052   0.00869
582.885489872  0.000189  0.937  0.063   0.00869
587.019429516  0.000201  0.933  0.067   0.00869
591.153369161  0.000204  0.932  0.068   0.00869
595.287308805  0.000168  0.944  0.056   0.00869
599.42124845  0.000177  0.941  0.059   0.00869
603.555188094  0.000177  0.941  0.059   0.00869
607.689127739  0.000183  0.939  0.061   0.00869
611.823067383  0.000207  0.931  0.069   0.00869
615.957007028  0.000162  0.946  0.054   0.00869
620.090946672  0.000135  0.955  0.045   0.00869
624.224886317  9.6e-05  0.968  0.032   0.00869
628.358825961  0.000141  0.953  0.047   0.00869
632.492765606  0.000132  0.956  0.044   0.00869
636.62670525  0.000147  0.951  0.049   0.00869
640.760644895  0.000153  0.949  0.051   0.00869
644.894584539  0.000111  0.963  0.037   0.00869
649.028524184  0.000105  0.965  0.035   0.00869
653.162463828  0.000111  0.963  0.037   0.00869
657.296403473  0.000171  0.943  0.057   0.00869
661.430343117  0.000144  0.952  0.048   0.00869
665.564282761  0.000117  0.961  0.039   0.00869
669.698222406  0.000141  0.953  0.047   0.00869
673.83216205  9.6e-05  0.968  0.032   0.00869
677.966101695  0.000108  0.964  0.036   0.00869
682.100041339  0.000123  0.959  0.041   0.00869
686.233980984  0.000111  0.963  0.037   0.00869
690.367920628  0.000111  0.963  0.037   0.00869
694.501860273  9.6e-05  0.968  0.032   0.00869
698.635799917  0.000123  0.959  0.041   0.00869
702.769739562  8.4e-05  0.972  0.028   0.00869
706.903679206  8.1e-05  0.973  0.027   0.00869
711.037618851  0.000126  0.958  0.042   0.00869
715.171558495  6.9e-05  0.977  0.023   0.00869
719.30549814  9.3e-05  0.969  0.031   0.00869
723.439437784  7.8e-05  0.974  0.026   0.00869
727.573377429  9e-05  0.97  0.03   0.00869
731.707317073  7.8e-05  0.974  0.026   0.00869
735.841256718  8.7e-05  0.971  0.029   0.00869
739.975196362  9.6e-05  0.968  0.032   0.00869
744.109136007  6e-05  0.98  0.02   0.00869
748.243075651  0.000108  0.964  0.036   0.00869
752.377015296  6.6e-05  0.978  0.022   0.00869
756.51095494  7.8e-05  0.974  0.026   0.00869
760.644894585  6.3e-05  0.979  0.021   0.00869
764.778834229  6e-05  0.98  0.02   0.00869
768.912773874  0.000105  0.965  0.035   0.00869
773.046713518  7.8e-05  0.974  0.026   0.00869
777.180653162  8.4e-05  0.972  0.028   0.00869
781.314592807  7.2e-05  0.976  0.024   0.00869
785.448532451  6.9e-05  0.977  0.023   0.00869
789.582472096  8.4e-05  0.972  0.028   0.00869
793.71641174  9.6e-05  0.968  0.032   0.00869
797.850351385  6.9e-05  0.977  0.023   0.00869
801.984291029  9.3e-05  0.969  0.031   0.00869
806.118230674  4.8e-05  0.984  0.016   0.00869
810.252170318  4.8e-05  0.984  0.016   0.00869
814.386109963  6.3e-05  0.979  0.021   0.00869
818.520049607  5.7e-05  0.981  0.019   0.00869
822.653989252  7.8e-05  0.974  0.026   0.00869
826.787928896  8.1e-05  0.973  0.027   0.00869
830.921868541  6.3e-05  0.979  0.021   0.00869
835.055808185  6.3e-05  0.979  0.021   0.00869
839.18974783  6.3e-05  0.979  0.021   0.00869
843.323687474  4.8e-05  0.984  0.016   0.00869
847.457627119  6e-05  0.98  0.02   0.00869
851.591566763  5.4e-05  0.982  0.018   0.00869
855.725506408  5.4e-05  0.982  0.018   0.00869
859.859446052  6e-05  0.98  0.02   0.00869
863.993385697  3.9e-05  0.987  0.013   0.00869
868.127325341  3.3e-05  0.989  0.011   0.00869
872.261264986  6.6e-05  0.978  0.022   0.00869
876.39520463  5.7e-05  0.981  0.019   0.00869
880.529144274  8.1e-05  0.973  0.027   0.00869
884.663083919  8.4e-05  0.972  0.028   0.00869
888.797023563  7.8e-05  0.974  0.026   0.00869
892.930963208  6.9e-05  0.977  0.023   0.00869
897.064902852  5.7e-05  0.981  0.019   0.00869
901.198842497  5.4e-05  0.982  0.018   0.00869
905.332782141  6.9e-05  0.977  0.023   0.00869
909.466721786  5.4e-05  0.982  0.018   0.00869
913.60066143  6e-05  0.98  0.02   0.00869
917.734601075  4.5e-05  0.985  0.015   0.00869
921.868540719  5.1e-05  0.983  0.017   0.00869
926.002480364  4.5e-05  0.985  0.015   0.00869
930.136420008  6e-05  0.98  0.02   0.00869
934.270359653  4.5e-05  0.985  0.015   0.00869
938.404299297  6.9e-05  0.977  0.023   0.00869
942.538238942  5.4e-05  0.982  0.018   0.00869
946.672178586  3e-05  0.99  0.01   0.00869
950.806118231  3.9e-05  0.987  0.013   0.00869
954.940057875  5.4e-05  0.982  0.018   0.00869
959.07399752  4.5e-05  0.985  0.015   0.00869
963.207937164  6.3e-05  0.979  0.021   0.00869
967.341876809  4.8e-05  0.984  0.016   0.00869
971.475816453  7.5e-05  0.975  0.025   0.00869
975.609756098  3e-05  0.99  0.01   0.00869
979.743695742  2.7e-05  0.991  0.009   0.00869
983.877635387  3.9e-05  0.987  0.013   0.00869
988.011575031  3.9e-05  0.987  0.013   0.00869
992.145514675  3.3e-05  0.989  0.011   0.00869
996.27945432  3.9e-05  0.987  0.013   0.00869
1000.41339396  3.6e-05  0.988  0.012   0.00869
1004.54733361  6.3e-05  0.979  0.021   0.00869
1008.68127325  4.2e-05  0.986  0.014   0.00869
1012.8152129  6.3e-05  0.979  0.021   0.00869
1016.94915254  3.6e-05  0.988  0.012   0.00869
1021.08309219  5.7e-05  0.981  0.019   0.00869
1025.21703183  2.7e-05  0.991  0.009   0.00869
1029.35097148  3e-05  0.99  0.01   0.00869
1033.48491112  4.5e-05  0.985  0.015   0.00869
1037.61885076  4.5e-05  0.985  0.015   0.00869
1041.75279041  3e-05  0.99  0.01   0.00869
1045.88673005  3.3e-05  0.989  0.011   0.00869
1050.0206697  4.8e-05  0.984  0.016   0.00869
1054.15460934  4.8e-05  0.984  0.016   0.00869
1058.28854899  4.8e-05  0.984  0.016   0.00869
1062.42248863  3.6e-05  0.988  0.012   0.00869
1066.55642828  3.3e-05  0.989  0.011   0.00869
1070.69036792  7.2e-05  0.976  0.024   0.00869
1074.82430757  3e-05  0.99  0.01   0.00869
1078.95824721  3.6e-05  0.988  0.012   0.00869
1083.09218685  3.3e-05  0.989  0.011   0.00869
1087.2261265  3.3e-05  0.989  0.011   0.00869
1091.36006614  3e-05  0.99  0.01   0.00869
1095.49400579  4.2e-05  0.986  0.014   0.00869
1099.62794543  2.7e-05  0.991  0.009   0.00869
1103.76188508  3.3e-05  0.989  0.011   0.00869
1107.89582472  3.3e-05  0.989  0.011   0.00869
1112.02976437  3.6e-05  0.988  0.012   0.00869
1116.16370401  3.3e-05  0.989  0.011   0.00869
1120.29764365  2.4e-05  0.992  0.008   0.00869
1124.4315833  3.6e-05  0.988  0.012   0.00869
1128.56552294  4.5e-05  0.985  0.015   0.00869
1132.69946259  5.1e-05  0.983  0.017   0.00869
1136.83340223  3.9e-05  0.987  0.013   0.00869
1140.96734188  3.6e-05  0.988  0.012   0.00869
1145.10128152  3.3e-05  0.989  0.011   0.00869
1149.23522117  4.5e-05  0.985  0.015   0.00869
1153.36916081  5.1e-05  0.983  0.017   0.00869
1157.50310045  2.7e-05  0.991  0.009   0.00869
1161.6370401  2.4e-05  0.992  0.008   0.00869
1165.77097974  4.5e-05  0.985  0.015   0.00869
1169.90491939  3.9e-05  0.987  0.013   0.00869
1174.03885903  3.6e-05  0.988  0.012   0.00869
1178.17279868  4.2e-05  0.986  0.014   0.00869
1182.30673832  4.2e-05  0.986  0.014   0.00869
1186.44067797  2.1e-05  0.993  0.007   0.00869
1190.57461761  4.5e-05  0.985  0.015   0.00869
1194.70855726  3.6e-05  0.988  0.012   0.00869
1198.8424969  3e-05  0.99  0.01   0.00869
1202.97643654  3.3e-05  0.989  0.011   0.00869
1207.11037619  4.8e-05  0.984  0.016   0.00869
1211.24431583  3.9e-05  0.987  0.013   0.00869
1215.37825548  3e-05  0.99  0.01   0.00869
1219.51219512  2.1e-05  0.993  0.007   0.00869
1223.64613477  3e-05  0.99  0.01   0.00869
1227.78007441  3e-05  0.99  0.01   0.00869
1231.91401406  2.4e-05  0.992  0.008   0.00869
1236.0479537  2.4e-05  0.992  0.008   0.00869
1240.18189334  1.8e-05  0.994  0.006   0.00869
1244.31583299  4.2e-05  0.986  0.014   0.00869
1248.44977263  2.4e-05  0.992  0.008   0.00869
1252.58371228  3.6e-05  0.988  0.012   0.00869
1256.71765192  2.1e-05  0.993  0.007   0.00869
1260.85159157  3e-05  0.99  0.01   0.00869
1264.98553121  2.7e-05  0.991  0.009   0.00869
1269.11947086  2.4e-05  0.992  0.008   0.00869
1273.2534105  2.7e-05  0.991  0.009   0.00869
1277.38735014  4.2e-05  0.986  0.014   0.00869
1281.52128979  3.6e-05  0.988  0.012   0.00869
1285.65522943  3e-05  0.99  0.01   0.00869
1289.78916908  1.8e-05  0.994  0.006   0.00869
1293.92310872  2.4e-05  0.992  0.008   0.00869
1298.05704837  3.3e-05  0.989  0.011   0.00869
1302.19098801  3.3e-05  0.989  0.011   0.00869
1306.32492766  3e-05  0.99  0.01   0.00869
1310.4588673  2.4e-05  0.992  0.008   0.00869
1314.59280695  3.6e-05  0.988  0.012   0.00869
1318.72674659  3.3e-05  0.989  0.011   0.00869
1322.86068623  2.4e-05  0.992  0.008   0.00869
1326.99462588  3.9e-05  0.987  0.013   0.00869
1331.12856552  1.8e-05  0.994  0.006   0.00869
1335.26250517  3.3e-05  0.989  0.011   0.00869
1339.39644481  2.4e-05  0.992  0.008   0.00869
1343.53038446  3.3e-05  0.989  0.011   0.00869
1347.6643241  2.1e-05  0.993  0.007   0.00869
1351.79826375  4.2e-05  0.986  0.014   0.00869
1355.93220339  1.8e-05  0.994  0.006   0.00869
1360.06614303  4.2e-05  0.986  0.014   0.00869
1364.20008268  3.6e-05  0.988  0.012   0.00869
1368.33402232  4.8e-05  0.984  0.016   0.00869
1372.46796197  4.5e-05  0.985  0.015   0.00869
1376.60190161  2.7e-05  0.991  0.009   0.00869
1380.73584126  1.8e-05  0.994  0.006   0.00869
1384.8697809  3.3e-05  0.989  0.011   0.00869
1389.00372055  2.1e-05  0.993  0.007   0.00869
1393.13766019  3e-05  0.99  0.01   0.00869
1397.27159983  2.7e-05  0.991  0.009   0.00869
1401.40553948  3.3e-05  0.989  0.011   0.00869
1405.53947912  5.1e-05  0.983  0.017   0.00869
1409.67341877  3.3e-05  0.989  0.011   0.00869
1413.80735841  2.7e-05  0.991  0.009   0.00869
1417.94129806  1.8e-05  0.994  0.006   0.00869
1422.0752377  1.8e-05  0.994  0.006   0.00869
1426.20917735  9e-06  0.997  0.003   0.00869
1430.34311699  3.3e-05  0.989  0.011   0.00869
1434.47705663  2.4e-05  0.992  0.008   0.00869
1438.61099628  2.4e-05  0.992  0.008   0.00869
1442.74493592  2.7e-05  0.991  0.009   0.00869
1446.87887557  2.1e-05  0.993  0.007   0.00869
1451.01281521  2.1e-05  0.993  0.007   0.00869
1455.14675486  1.8e-05  0.994  0.006   0.00869
1459.2806945  2.7e-05  0.991  0.009   0.00869
1463.41463415  2.7e-05  0.991  0.009   0.00869
1467.54857379  2.7e-05  0.991  0.009   0.00869
1471.68251344  2.4e-05  0.992  0.008   0.00869
1475.81645308  3e-05  0.99  0.01   0.00869
1479.95039272  3e-05  0.99  0.01   0.00869
1484.08433237  3.6e-05  0.988  0.012   0.00869
1488.21827201  3.9e-05  0.987  0.013   0.00869
1492.35221166  3.9e-05  0.987  0.013   0.00869
1496.4861513  1.2e-05  0.996  0.004   0.00869
1500.62009095  1.5e-05  0.995  0.005   0.00869
1504.75403059  2.1e-05  0.993  0.007   0.00869
1508.88797024  2.7e-05  0.991  0.009   0.00869
1513.02190988  2.7e-05  0.991  0.009   0.00869
1517.15584952  3.6e-05  0.988  0.012   0.00869
1521.28978917  1.2e-05  0.996  0.004   0.00869
1525.42372881  2.1e-05  0.993  0.007   0.00869
1529.55766846  2.4e-05  0.992  0.008   0.00869
1533.6916081  2.7e-05  0.991  0.009   0.00869
1537.82554775  2.1e-05  0.993  0.007   0.00869
1541.95948739  2.7e-05  0.991  0.009   0.00869
1546.09342704  1.8e-05  0.994  0.006   0.00869
1550.22736668  2.4e-05  0.992  0.008   0.00869
1554.36130632  1.8e-05  0.994  0.006   0.00869
1558.49524597  2.7e-05  0.991  0.009   0.00869
1562.62918561  1.5e-05  0.995  0.005   0.00869
1566.76312526  3.6e-05  0.988  0.012   0.00869
1570.8970649  1.2e-05  0.996  0.004   0.00869
1575.03100455  1.2e-05  0.996  0.004   0.00869
1579.16494419  1.2e-05  0.996  0.004   0.00869
1583.29888384  2.7e-05  0.991  0.009   0.00869
1587.43282348  2.4e-05  0.992  0.008   0.00869
1591.56676313  3.9e-05  0.987  0.013   0.00869
1595.70070277  2.7e-05  0.991  0.009   0.00869
1599.83464241  3e-05  0.99  0.01   0.00869
1603.96858206  1.5e-05  0.995  0.005   0.00869
1608.1025217  3.3e-05  0.989  0.011   0.00869
1612.23646135  1.8e-05  0.994  0.006   0.00869
1616.37040099  1.8e-05  0.994  0.006   0.00869
1620.50434064  3e-05  0.99  0.01   0.00869
1624.63828028  3.3e-05  0.989  0.011   0.00869
1628.77221993  2.1e-05  0.993  0.007   0.00869
1632.90615957  3.3e-05  0.989  0.011   0.00869
1637.04009921  3.9e-05  0.987  0.013   0.00869
1641.17403886  3.6e-05  0.988  0.012   0.00869
1645.3079785  3.9e-05  0.987  0.013   0.00869
1649.44191815  2.4e-05  0.992  0.008   0.00869
1653.57585779  3e-05  0.99  0.01   0.00869
1657.70979744  4.5e-05  0.985  0.015   0.00869
1661.84373708  3.9e-05  0.987  0.013   0.00869
1665.97767673  2.7e-05  0.991  0.009   0.00869
1670.11161637  2.4e-05  0.992  0.008   0.00869
1674.24555601  3e-05  0.99  0.01   0.00869
1678.37949566  2.7e-05  0.991  0.009   0.00869
1682.5134353  3.3e-05  0.989  0.011   0.00869
1686.64737495  1.8e-05  0.994  0.006   0.00869
1690.78131459  2.1e-05  0.993  0.007   0.00869
1694.91525424  2.1e-05  0.993  0.007   0.00869
1699.04919388  1.2e-05  0.996  0.004   0.00869
1703.18313353  2.1e-05  0.993  0.007   0.00869
1707.31707317  2.4e-05  0.992  0.008   0.00869
1711.45101282  4.5e-05  0.985  0.015   0.00869
1715.58495246  1.8e-05  0.994  0.006   0.00869
1719.7188921  2.1e-05  0.993  0.007   0.00869
1723.85283175  2.7e-05  0.991  0.009   0.00869
1727.98677139  4.2e-05  0.986  0.014   0.00869
1732.12071104  4.2e-05  0.986  0.014   0.00869
1736.25465068  2.7e-05  0.991  0.009   0.00869
1740.38859033  2.7e-05  0.991  0.009   0.00869
1744.52252997  2.4e-05  0.992  0.008   0.00869
1748.65646962  1.2e-05  0.996  0.004   0.00869
1752.79040926  2.4e-05  0.992  0.008   0.00869
1756.9243489  2.7e-05  0.991  0.009   0.00869
1761.05828855  3.3e-05  0.989  0.011   0.00869
1765.19222819  3.6e-05  0.988  0.012   0.00869
1769.32616784  1.5e-05  0.995  0.005   0.00869
1773.46010748  2.1e-05  0.993  0.007   0.00869
1777.59404713  4.8e-05  0.984  0.016   0.00869
1781.72798677  1.8e-05  0.994  0.006   0.00869
1785.86192642  2.7e-05  0.991  0.009   0.00869
1789.99586606  1.8e-05  0.994  0.006   0.00869
1794.1298057  2.1e-05  0.993  0.007   0.00869
1798.26374535  9e-06  0.997  0.003   0.00869
1802.39768499  2.7e-05  0.991  0.009   0.00869
1806.53162464  3.9e-05  0.987  0.013   0.00869
1810.66556428  3e-05  0.99  0.01   0.00869
1814.79950393  1.8e-05  0.994  0.006   0.00869
1818.93344357  2.4e-05  0.992  0.008   0.00869
1823.06738322  3e-05  0.99  0.01   0.00869
1827.20132286  1.8e-05  0.994  0.006   0.00869
1831.33526251  3.3e-05  0.989  0.011   0.00869
1835.46920215  4.2e-05  0.986  0.014   0.00869
1839.60314179  3.3e-05  0.989  0.011   0.00869
1843.73708144  3e-05  0.99  0.01   0.00869
1847.87102108  3.3e-05  0.989  0.011   0.00869
1852.00496073  3.9e-05  0.987  0.013   0.00869
1856.13890037  3.6e-05  0.988  0.012   0.00869
1860.27284002  2.7e-05  0.991  0.009   0.00869
1864.40677966  2.1e-05  0.993  0.007   0.00869
1868.54071931  6e-06  0.998  0.002   0.00869
1872.67465895  4.2e-05  0.986  0.014   0.00869
1876.80859859  2.7e-05  0.991  0.009   0.00869
1880.94253824  3.6e-05  0.988  0.012   0.00869
1885.07647788  9e-06  0.997  0.003   0.00869
1889.21041753  3.3e-05  0.989  0.011   0.00869
1893.34435717  2.7e-05  0.991  0.009   0.00869
1897.47829682  1.8e-05  0.994  0.006   0.00869
1901.61223646  2.1e-05  0.993  0.007   0.00869
1905.74617611  2.4e-05  0.992  0.008   0.00869
1909.88011575  1.5e-05  0.995  0.005   0.00869
1914.01405539  2.1e-05  0.993  0.007   0.00869
1918.14799504  2.4e-05  0.992  0.008   0.00869
1922.28193468  4.2e-05  0.986  0.014   0.00869
1926.41587433  3e-05  0.99  0.01   0.00869
1930.54981397  3e-05  0.99  0.01   0.00869
1934.68375362  1.5e-05  0.995  0.005   0.00869
1938.81769326  1.8e-05  0.994  0.006   0.00869
1942.95163291  1.2e-05  0.996  0.004   0.00869
1947.08557255  2.1e-05  0.993  0.007   0.00869
1951.2195122  2.1e-05  0.993  0.007   0.00869
1955.35345184  1.5e-05  0.995  0.005   0.00869
1959.48739148  3.9e-05  0.987  0.013   0.00869
1963.62133113  2.4e-05  0.992  0.008   0.00869
1967.75527077  3.6e-05  0.988  0.012   0.00869
1971.88921042  3.9e-05  0.987  0.013   0.00869
1976.02315006  3.9e-05  0.987  0.013   0.00869
1980.15708971  3e-05  0.99  0.01   0.00869
1984.29102935  1.5e-05  0.995  0.005   0.00869
1988.424969  3.9e-05  0.987  0.013   0.00869
1992.55890864  1.8e-05  0.994  0.006   0.00869
1996.69284828  1.5e-05  0.995  0.005   0.00869
2000.82678793  2.1e-05  0.993  0.007   0.00869
2004.96072757  3.3e-05  0.989  0.011   0.00869
2009.09466722  2.1e-05  0.993  0.007   0.00869
2013.22860686  2.1e-05  0.993  0.007   0.00869
2017.36254651  2.4e-05  0.992  0.008   0.00869
2021.49648615  1.2e-05  0.996  0.004   0.00869
2025.6304258  1.2e-05  0.996  0.004   0.00869
2029.76436544  3.9e-05  0.987  0.013   0.00869
2033.89830508  1.8e-05  0.994  0.006   0.00869
2038.03224473  3.3e-05  0.989  0.011   0.00869
2042.16618437  2.7e-05  0.991  0.009   0.00869
2046.30012402  1.2e-05  0.996  0.004   0.00869
2050.43406366  3.3e-05  0.989  0.011   0.00869
2054.56800331  3e-05  0.99  0.01   0.00869
2058.70194295  1.8e-05  0.994  0.006   0.00869
2062.8358826  1.8e-05  0.994  0.006   0.00869
2066.96982224  1.5e-05  0.995  0.005   0.00869
2071.10376189  1.5e-05  0.995  0.005   0.00869
2075.23770153  3.6e-05  0.988  0.012   0.00869
2079.37164117  2.7e-05  0.991  0.009   0.00869
2083.50558082  3e-05  0.99  0.01   0.00869
2087.63952046  2.1e-05  0.993  0.007   0.00869
2091.77346011  4.8e-05  0.984  0.016   0.00869
2095.90739975  1.5e-05  0.995  0.005   0.00869
2100.0413394  1.2e-05  0.996  0.004   0.00869
2104.17527904  1.5e-05  0.995  0.005   0.00869
2108.30921869  1.8e-05  0.994  0.006   0.00869
2112.44315833  1.5e-05  0.995  0.005   0.00869
2116.57709797  1.2e-05  0.996  0.004   0.00869
2120.71103762  2.4e-05  0.992  0.008   0.00869
2124.84497726  2.1e-05  0.993  0.007   0.00869
2128.97891691  1.8e-05  0.994  0.006   0.00869
2133.11285655  2.4e-05  0.992  0.008   0.00869
2137.2467962  2.4e-05  0.992  0.008   0.00869
2141.38073584  9e-06  0.997  0.003   0.00869
2145.51467549  1.2e-05  0.996  0.004   0.00869
2149.64861513  1.2e-05  0.996  0.004   0.00869
2153.78255477  1.8e-05  0.994  0.006   0.00869
2157.91649442  2.4e-05  0.992  0.008   0.00869
2162.05043406  3.9e-05  0.987  0.013   0.00869
2166.18437371  2.1e-05  0.993  0.007   0.00869
2170.31831335  1.5e-05  0.995  0.005   0.00869
2174.452253  3.9e-05  0.987  0.013   0.00869
2178.58619264  2.4e-05  0.992  0.008   0.00869
2182.72013229  1.5e-05  0.995  0.005   0.00869
2186.85407193  2.7e-05  0.991  0.009   0.00869
2190.98801158  1.8e-05  0.994  0.006   0.00869
2195.12195122  3.9e-05  0.987  0.013   0.00869
2199.25589086  1.2e-05  0.996  0.004   0.00869
2203.38983051  2.1e-05  0.993  0.007   0.00869
2207.52377015  2.4e-05  0.992  0.008   0.00869
2211.6577098  2.7e-05  0.991  0.009   0.00869
2215.79164944  2.7e-05  0.991  0.009   0.00869
2219.92558909  2.1e-05  0.993  0.007   0.00869
2224.05952873  2.4e-05  0.992  0.008   0.00869
2228.19346838  1.8e-05  0.994  0.006   0.00869
2232.32740802  1.8e-05  0.994  0.006   0.00869
2236.46134766  2.1e-05  0.993  0.007   0.00869
2240.59528731  3e-05  0.99  0.01   0.00869
2244.72922695  1.5e-05  0.995  0.005   0.00869
2248.8631666  1.5e-05  0.995  0.005   0.00869
2252.99710624  3e-05  0.99  0.01   0.00869
2257.13104589  2.4e-05  0.992  0.008   0.00869
2261.26498553  3.3e-05  0.989  0.011   0.00869
2265.39892518  1.8e-05  0.994  0.006   0.00869
2269.53286482  1.5e-05  0.995  0.005   0.00869
2273.66680446  9e-06  0.997  0.003   0.00869
2277.80074411  9e-06  0.997  0.003   0.00869
2281.93468375  1.8e-05  0.994  0.006   0.00869
2286.0686234  9e-06  0.997  0.003   0.00869
2290.20256304  2.1e-05  0.993  0.007   0.00869
2294.33650269  2.7e-05  0.991  0.009   0.00869
2298.47044233  1.8e-05  0.994  0.006   0.00869
2302.60438198  2.1e-05  0.993  0.007   0.00869
2306.73832162  2.4e-05  0.992  0.008   0.00869
2310.87226126  1.8e-05  0.994  0.006   0.00869
2315.00620091  1.5e-05  0.995  0.005   0.00869
2319.14014055  3.6e-05  0.988  0.012   0.00869
2323.2740802  2.1e-05  0.993  0.007   0.00869
2327.40801984  3.6e-05  0.988  0.012   0.00869
2331.54195949  2.1e-05  0.993  0.007   0.00869
2335.67589913  2.7e-05  0.991  0.009   0.00869
2339.80983878  2.7e-05  0.991  0.009   0.00869
2343.94377842  2.7e-05  0.991  0.009   0.00869
2348.07771807  2.4e-05  0.992  0.008   0.00869
2352.21165771  2.4e-05  0.992  0.008   0.00869
2356.34559735  1.5e-05  0.995  0.005   0.00869
2360.479537  1.8e-05  0.994  0.006   0.00869
2364.61347664  2.1e-05  0.993  0.007   0.00869
2368.74741629  3e-05  0.99  0.01   0.00869
2372.88135593  2.1e-05  0.993  0.007   0.00869
2377.01529558  1.5e-05  0.995  0.005   0.00869
2381.14923522  6e-06  0.998  0.002   0.00869
2385.28317487  3.9e-05  0.987  0.013   0.00869
2389.41711451  1.2e-05  0.996  0.004   0.00869
2393.55105415  2.4e-05  0.992  0.008   0.00869
2397.6849938  2.1e-05  0.993  0.007   0.00869
2401.81893344  3.6e-05  0.988  0.012   0.00869
2405.95287309  1.8e-05  0.994  0.006   0.00869
2410.08681273  2.1e-05  0.993  0.007   0.00869
2414.22075238  2.1e-05  0.993  0.007   0.00869
2418.35469202  1.5e-05  0.995  0.005   0.00869
2422.48863167  2.7e-05  0.991  0.009   0.00869
2426.62257131  1.5e-05  0.995  0.005   0.00869
2430.75651095  2.4e-05  0.992  0.008   0.00869
2434.8904506  1.8e-05  0.994  0.006   0.00869
2439.02439024  2.1e-05  0.993  0.007   0.00869
2443.15832989  2.7e-05  0.991  0.009   0.00869
2447.29226953  2.1e-05  0.993  0.007   0.00869
2451.42620918  4.2e-05  0.986  0.014   0.00869
2455.56014882  2.4e-05  0.992  0.008   0.00869
2459.69408847  1.8e-05  0.994  0.006   0.00869
2463.82802811  6e-06  0.998  0.002   0.00869
2467.96196776  1.2e-05  0.996  0.004   0.00869
2472.0959074  3e-05  0.99  0.01   0.00869
2476.22984704  2.7e-05  0.991  0.009   0.00869
2480.36378669  3.6e-05  0.988  0.012   0.00869
2484.49772633  2.4e-05  0.992  0.008   0.00869
2488.63166598  2.4e-05  0.992  0.008   0.00869
2492.76560562  2.7e-05  0.991  0.009   0.00869
2496.89954527  2.1e-05  0.993  0.007   0.00869
2501.03348491  3e-05  0.99  0.01   0.00869
2505.16742456  3e-05  0.99  0.01   0.00869
2509.3013642  3e-05  0.99  0.01   0.00869
2513.43530384  2.1e-05  0.993  0.007   0.00869
2517.56924349  1.2e-05  0.996  0.004   0.00869
2521.70318313  1.5e-05  0.995  0.005   0.00869
2525.83712278  2.1e-05  0.993  0.007   0.00869
2529.97106242  3.6e-05  0.988  0.012   0.00869
2534.10500207  2.7e-05  0.991  0.009   0.00869
2538.23894171  2.1e-05  0.993  0.007   0.00869
2542.37288136  1.2e-05  0.996  0.004   0.00869
2546.506821  2.4e-05  0.992  0.008   0.00869
2550.64076064  1.2e-05  0.996  0.004   0.00869
2554.77470029  3e-05  0.99  0.01   0.00869
2558.90863993  3e-05  0.99  0.01   0.00869
2563.04257958  2.7e-05  0.991  0.009   0.00869
2567.17651922  3.9e-05  0.987  0.013   0.00869
2571.31045887  2.4e-05  0.992  0.008   0.00869
2575.44439851  1.8e-05  0.994  0.006   0.00869
2579.57833816  2.1e-05  0.993  0.007   0.00869
2583.7122778  2.1e-05  0.993  0.007   0.00869
2587.84621745  1.5e-05  0.995  0.005   0.00869
2591.98015709  1.8e-05  0.994  0.006   0.00869
2596.11409673  3.9e-05  0.987  0.013   0.00869
2600.24803638  3.3e-05  0.989  0.011   0.00869
2604.38197602  3.3e-05  0.989  0.011   0.00869
2608.51591567  4.5e-05  0.985  0.015   0.00869
2612.64985531  2.1e-05  0.993  0.007   0.00869
2616.78379496  2.4e-05  0.992  0.008   0.00869
2620.9177346  2.7e-05  0.991  0.009   0.00869
2625.05167425  4.2e-05  0.986  0.014   0.00869
2629.18561389  2.4e-05  0.992  0.008   0.00869
2633.31955353  2.4e-05  0.992  0.008   0.00869
2637.45349318  2.7e-05  0.991  0.009   0.00869
2641.58743282  2.1e-05  0.993  0.007   0.00869
2645.72137247  1.2e-05  0.996  0.004   0.00869
2649.85531211  2.4e-05  0.992  0.008   0.00869
2653.98925176  3.3e-05  0.989  0.011   0.00869
2658.1231914  3.3e-05  0.989  0.011   0.00869
2662.25713105  3e-05  0.99  0.01   0.00869
2666.39107069  3.9e-05  0.987  0.013   0.00869
2670.52501033  3e-05  0.99  0.01   0.00869
2674.65894998  2.1e-05  0.993  0.007   0.00869
2678.79288962  2.4e-05  0.992  0.008   0.00869
2682.92682927  3e-05  0.99  0.01   0.00869
2687.06076891  9e-06  0.997  0.003   0.00869
2691.19470856  2.1e-05  0.993  0.007   0.00869
2695.3286482  2.7e-05  0.991  0.009   0.00869
2699.46258785  2.4e-05  0.992  0.008   0.00869
2703.59652749  1.8e-05  0.994  0.006   0.00869
2707.73046714  3e-05  0.99  0.01   0.00869
2711.86440678  2.4e-05  0.992  0.008   0.00869
2715.99834642  3.3e-05  0.989  0.011   0.00869
2720.13228607  1.5e-05  0.995  0.005   0.00869
2724.26622571  2.1e-05  0.993  0.007   0.00869
2728.40016536  1.8e-05  0.994  0.006   0.00869
2732.534105  2.7e-05  0.991  0.009   0.00869
2736.66804465  2.4e-05  0.992  0.008   0.00869
2740.80198429  3.9e-05  0.987  0.013   0.00869
2744.93592394  1.5e-05  0.995  0.005   0.00869
2749.06986358  1.8e-05  0.994  0.006   0.00869
2753.20380322  3e-05  0.99  0.01   0.00869
2757.33774287  2.7e-05  0.991  0.009   0.00869
2761.47168251  2.7e-05  0.991  0.009   0.00869
2765.60562216  2.7e-05  0.991  0.009   0.00869
2769.7395618  2.1e-05  0.993  0.007   0.00869
2773.87350145  1.8e-05  0.994  0.006   0.00869
2778.00744109  2.4e-05  0.992  0.008   0.00869
2782.14138074  3e-05  0.99  0.01   0.00869
2786.27532038  2.7e-05  0.991  0.009   0.00869
2790.40926002  1.8e-05  0.994  0.006   0.00869
2794.54319967  3e-05  0.99  0.01   0.00869
2798.67713931  2.7e-05  0.991  0.009   0.00869
2802.81107896  2.4e-05  0.992  0.008   0.00869
2806.9450186  1.2e-05  0.996  0.004   0.00869
2811.07895825  3.3e-05  0.989  0.011   0.00869
2815.21289789  1.5e-05  0.995  0.005   0.00869
2819.34683754  3.6e-05  0.988  0.012   0.00869
2823.48077718  3e-05  0.99  0.01   0.00869
2827.61471683  1.8e-05  0.994  0.006   0.00869
2831.74865647  4.2e-05  0.986  0.014   0.00869
2835.88259611  1.8e-05  0.994  0.006   0.00869
2840.01653576  2.1e-05  0.993  0.007   0.00869
2844.1504754  2.7e-05  0.991  0.009   0.00869
2848.28441505  1.8e-05  0.994  0.006   0.00869
2852.41835469  1.8e-05  0.994  0.006   0.00869
2856.55229434  1.5e-05  0.995  0.005   0.00869
2860.68623398  3e-05  0.99  0.01   0.00869
2864.82017363  3.9e-05  0.987  0.013   0.00869
2868.95411327  1.5e-05  0.995  0.005   0.00869
2873.08805291  1.2e-05  0.996  0.004   0.00869
2877.22199256  2.1e-05  0.993  0.007   0.00869
2881.3559322  1.8e-05  0.994  0.006   0.00869
2885.48987185  3e-05  0.99  0.01   0.00869
2889.62381149  3e-05  0.99  0.01   0.00869
2893.75775114  3e-05  0.99  0.01   0.00869
2897.89169078  2.7e-05  0.991  0.009   0.00869
2902.02563043  2.4e-05  0.992  0.008   0.00869
2906.15957007  1.5e-05  0.995  0.005   0.00869
2910.29350971  2.7e-05  0.991  0.009   0.00869
2914.42744936  4.5e-05  0.985  0.015   0.00869
2918.561389  2.1e-05  0.993  0.007   0.00869
2922.69532865  2.7e-05  0.991  0.009   0.00869
2926.82926829  3.6e-05  0.988  0.012   0.00869
2930.96320794  1.8e-05  0.994  0.006   0.00869
2935.09714758  9e-06  0.997  0.003   0.00869
2939.23108723  2.7e-05  0.991  0.009   0.00869
2943.36502687  1.8e-05  0.994  0.006   0.00869
2947.49896652  1.5e-05  0.995  0.005   0.00869
2951.63290616  3.3e-05  0.989  0.011   0.00869
2955.7668458  2.4e-05  0.992  0.008   0.00869
2959.90078545  3.3e-05  0.989  0.011   0.00869
2964.03472509  3e-05  0.99  0.01   0.00869
2968.16866474  3e-06  0.999  0.001   0.00869
2972.30260438  2.1e-05  0.993  0.007   0.00869
2976.43654403  1.8e-05  0.994  0.006   0.00869
2980.57048367  3.6e-05  0.988  0.012   0.00869
2984.70442332  1.8e-05  0.994  0.006   0.00869
2988.83836296  2.1e-05  0.993  0.007   0.00869
2992.9723026  2.4e-05  0.992  0.008   0.00869
2997.10624225  3.3e-05  0.989  0.011   0.00869
3001.24018189  2.1e-05  0.993  0.007   0.00869
3005.37412154  2.1e-05  0.993  0.007   0.00869
3009.50806118  3e-05  0.99  0.01   0.00869
3013.64200083  2.1e-05  0.993  0.007   0.00869
3017.77594047  3.6e-05  0.988  0.012   0.00869
3021.90988012  2.4e-05  0.992  0.008   0.00869
3026.04381976  3.6e-05  0.988  0.012   0.00869
3030.1777594  2.7e-05  0.991  0.009   0.00869
3034.31169905  2.7e-05  0.991  0.009   0.00869
3038.44563869  2.7e-05  0.991  0.009   0.00869
3042.57957834  3.3e-05  0.989  0.011   0.00869
3046.71351798  1.5e-05  0.995  0.005   0.00869
3050.84745763  2.7e-05  0.991  0.009   0.00869
3054.98139727  3.6e-05  0.988  0.012   0.00869
3059.11533692  1.8e-05  0.994  0.006   0.00869
3063.24927656  4.5e-05  0.985  0.015   0.00869
3067.38321621  3.6e-05  0.988  0.012   0.00869
3071.51715585  1.8e-05  0.994  0.006   0.00869
3075.65109549  2.4e-05  0.992  0.008   0.00869
3079.78503514  2.7e-05  0.991  0.009   0.00869
3083.91897478  1.5e-05  0.995  0.005   0.00869
3088.05291443  2.4e-05  0.992  0.008   0.00869
3092.18685407  3.6e-05  0.988  0.012   0.00869
3096.32079372  2.7e-05  0.991  0.009   0.00869
3100.45473336  2.1e-05  0.993  0.007   0.00869
3104.58867301  2.1e-05  0.993  0.007   0.00869
3108.72261265  2.4e-05  0.992  0.008   0.00869
3112.85655229  2.1e-05  0.993  0.007   0.00869
3116.99049194  2.7e-05  0.991  0.009   0.00869
3121.12443158  1.5e-05  0.995  0.005   0.00869
3125.25837123  2.1e-05  0.993  0.007   0.00869
3129.39231087  1.8e-05  0.994  0.006   0.00869
3133.52625052  2.4e-05  0.992  0.008   0.00869
3137.66019016  3.9e-05  0.987  0.013   0.00869
3141.79412981  2.7e-05  0.991  0.009   0.00869
3145.92806945  3.3e-05  0.989  0.011   0.00869
3150.06200909  2.7e-05  0.991  0.009   0.00869
3154.19594874  3.6e-05  0.988  0.012   0.00869
3158.32988838  3.3e-05  0.989  0.011   0.00869
3162.46382803  1.2e-05  0.996  0.004   0.00869
3166.59776767  2.4e-05  0.992  0.008   0.00869
3170.73170732  2.7e-05  0.991  0.009   0.00869
3174.86564696  2.4e-05  0.992  0.008   0.00869
3178.99958661  2.7e-05  0.991  0.009   0.00869
3183.13352625  3.9e-05  0.987  0.013   0.00869
3187.26746589  2.4e-05  0.992  0.008   0.00869
3191.40140554  1.8e-05  0.994  0.006   0.00869
3195.53534518  4.5e-05  0.985  0.015   0.00869
3199.66928483  1.8e-05  0.994  0.006   0.00869
3203.80322447  3.3e-05  0.989  0.011   0.00869
3207.93716412  2.1e-05  0.993  0.007   0.00869
3212.07110376  3.3e-05  0.989  0.011   0.00869
3216.20504341  3.3e-05  0.989  0.011   0.00869
3220.33898305  3e-05  0.99  0.01   0.00869
3224.4729227  3.3e-05  0.989  0.011   0.00869
3228.60686234  1.5e-05  0.995  0.005   0.00869
3232.74080198  2.1e-05  0.993  0.007   0.00869
3236.87474163  2.1e-05  0.993  0.007   0.00869
3241.00868127  2.4e-05  0.992  0.008   0.00869
3245.14262092  2.4e-05  0.992  0.008   0.00869
3249.27656056  1.5e-05  0.995  0.005   0.00869
3253.41050021  2.7e-05  0.991  0.009   0.00869
3257.54443985  3.9e-05  0.987  0.013   0.00869
3261.6783795  3.3e-05  0.989  0.011   0.00869
3265.81231914  3e-05  0.99  0.01   0.00869
3269.94625878  1.8e-05  0.994  0.006   0.00869
3274.08019843  2.7e-05  0.991  0.009   0.00869
3278.21413807  2.4e-05  0.992  0.008   0.00869
3282.34807772  2.1e-05  0.993  0.007   0.00869
3286.48201736  2.4e-05  0.992  0.008   0.00869
3290.61595701  3.9e-05  0.987  0.013   0.00869
3294.74989665  2.4e-05  0.992  0.008   0.00869
3298.8838363  3e-05  0.99  0.01   0.00869
3303.01777594  3.9e-05  0.987  0.013   0.00869
3307.15171558  2.4e-05  0.992  0.008   0.00869
3311.28565523  3.9e-05  0.987  0.013   0.00869
3315.41959487  3.6e-05  0.988  0.012   0.00869
3319.55353452  2.4e-05  0.992  0.008   0.00869
3323.68747416  2.7e-05  0.991  0.009   0.00869
3327.82141381  4.2e-05  0.986  0.014   0.00869
3331.95535345  3e-05  0.99  0.01   0.00869
3336.0892931  4.5e-05  0.985  0.015   0.00869
3340.22323274  6e-06  0.998  0.002   0.00869
3344.35717239  2.4e-05  0.992  0.008   0.00869
3348.49111203  2.4e-05  0.992  0.008   0.00869
3352.62505167  3e-05  0.99  0.01   0.00869
3356.75899132  3e-05  0.99  0.01   0.00869
3360.89293096  2.1e-05  0.993  0.007   0.00869
3365.02687061  3e-05  0.99  0.01   0.00869
3369.16081025  2.7e-05  0.991  0.009   0.00869
3373.2947499  1.8e-05  0.994  0.006   0.00869
3377.42868954  1.2e-05  0.996  0.004   0.00869
3381.56262919  3.3e-05  0.989  0.011   0.00869
3385.69656883  3e-05  0.99  0.01   0.00869
3389.83050847  2.4e-05  0.992  0.008   0.00869
3393.96444812  3.3e-05  0.989  0.011   0.00869
3398.09838776  2.7e-05  0.991  0.009   0.00869
3402.23232741  1.5e-05  0.995  0.005   0.00869
3406.36626705  2.1e-05  0.993  0.007   0.00869
3410.5002067  2.1e-05  0.993  0.007   0.00869
3414.63414634  2.7e-05  0.991  0.009   0.00869
3418.76808599  2.1e-05  0.993  0.007   0.00869
3422.90202563  2.1e-05  0.993  0.007   0.00869
3427.03596527  2.4e-05  0.992  0.008   0.00869
3431.16990492  4.8e-05  0.984  0.016   0.00869
3435.30384456  3e-05  0.99  0.01   0.00869
3439.43778421  1.8e-05  0.994  0.006   0.00869
3443.57172385  1.5e-05  0.995  0.005   0.00869
3447.7056635  2.7e-05  0.991  0.009   0.00869
3451.83960314  1.8e-05  0.994  0.006   0.00869
3455.97354279  2.1e-05  0.993  0.007   0.00869
3460.10748243  2.7e-05  0.991  0.009   0.00869
3464.24142208  2.1e-05  0.993  0.007   0.00869
3468.37536172  3e-05  0.99  0.01   0.00869
3472.50930136  1.5e-05  0.995  0.005   0.00869
3476.64324101  1.8e-05  0.994  0.006   0.00869
3480.77718065  3.6e-05  0.988  0.012   0.00869
3484.9111203  1.5e-05  0.995  0.005   0.00869
3489.04505994  2.1e-05  0.993  0.007   0.00869
3493.17899959  2.7e-05  0.991  0.009   0.00869
3497.31293923  3e-05  0.99  0.01   0.00869
3501.44687888  3.6e-05  0.988  0.012   0.00869
3505.58081852  1.2e-05  0.996  0.004   0.00869
3509.71475816  3.3e-05  0.989  0.011   0.00869
3513.84869781  2.7e-05  0.991  0.009   0.00869
3517.98263745  3e-05  0.99  0.01   0.00869
3522.1165771  1.2e-05  0.996  0.004   0.00869
3526.25051674  1.5e-05  0.995  0.005   0.00869
3530.38445639  2.7e-05  0.991  0.009   0.00869
3534.51839603  2.4e-05  0.992  0.008   0.00869
3538.65233568  3e-05  0.99  0.01   0.00869
