0.0  0.01  0.0  1.0   0.01894
4.13393964448  0.00995  0.005  0.995   0.01894
8.26787928896  0.00991  0.009  0.991   0.01894
12.4018189334  0.00983  0.017  0.983   0.01894
16.5357585779  0.00973  0.027  0.973   0.01894
20.6696982224  0.00962  0.038  0.962   0.01894
24.8036378669  0.00946  0.054  0.946   0.01894
28.9375775114  0.00931  0.069  0.931   0.01894
33.0715171558  0.00919  0.081  0.919   0.01894
37.2054568003  0.00906  0.094  0.906   0.01894
41.3393964448  0.00886  0.114  0.886   0.01894
45.4733360893  0.00866  0.134  0.866   0.01894
49.6072757338  0.0085  0.15  0.85   0.01894
53.7412153783  0.0082  0.18  0.82   0.01894
57.8751550227  0.00801  0.199  0.801   0.01894
62.0090946672  0.00777  0.223  0.777   0.01894
66.1430343117  0.00763  0.237  0.763   0.01894
70.2769739562  0.00742  0.258  0.742   0.01894
74.4109136007  0.00714  0.286  0.714   0.01894
78.5448532451  0.00693  0.307  0.693   0.01894
82.6787928896  0.00675  0.325  0.675   0.01894
86.8127325341  0.00653  0.347  0.653   0.01894
90.9466721786  0.00634  0.366  0.634   0.01894
95.0806118231  0.00614  0.386  0.614   0.01894
99.2145514675  0.006  0.4  0.6   0.01894
103.348491112  0.00587  0.413  0.587   0.01894
107.482430757  0.00569  0.431  0.569   0.01894
111.616370401  0.00544  0.456  0.544   0.01894
115.750310045  0.0053  0.47  0.53   0.01894
119.88424969  0.00511  0.489  0.511   0.01894
124.018189334  0.00496  0.504  0.496   0.01894
128.152128979  0.00478  0.522  0.478   0.01894
132.286068623  0.00464  0.536  0.464   0.01894
136.420008268  0.00451  0.549  0.451   0.01894
140.553947912  0.00438  0.562  0.438   0.01894
144.687887557  0.00428  0.572  0.428   0.01894
148.821827201  0.00416  0.584  0.416   0.01894
152.955766846  0.00404  0.596  0.404   0.01894
157.08970649  0.00399  0.601  0.399   0.01894
161.223646135  0.0039  0.61  0.39   0.01894
165.357585779  0.00383  0.617  0.383   0.01894
169.491525424  0.00373  0.627  0.373   0.01894
173.625465068  0.00365  0.635  0.365   0.01894
177.759404713  0.00358  0.642  0.358   0.01894
181.893344357  0.00345  0.655  0.345   0.01894
186.027284002  0.00334  0.666  0.334   0.01894
190.161223646  0.00328  0.672  0.328   0.01894
194.295163291  0.00318  0.682  0.318   0.01894
198.429102935  0.00307  0.693  0.307   0.01894
202.56304258  0.00299  0.701  0.299   0.01894
206.696982224  0.00296  0.704  0.296   0.01894
210.830921869  0.00288  0.712  0.288   0.01894
214.964861513  0.00284  0.716  0.284   0.01894
219.098801158  0.00279  0.721  0.279   0.01894
223.232740802  0.00272  0.728  0.272   0.01894
227.366680446  0.00267  0.733  0.267   0.01894
231.500620091  0.00261  0.739  0.261   0.01894
235.634559735  0.00258  0.742  0.258   0.01894
239.76849938  0.00254  0.746  0.254   0.01894
243.902439024  0.00247  0.753  0.247   0.01894
248.036378669  0.00238  0.762  0.238   0.01894
252.170318313  0.00235  0.765  0.235   0.01894
256.304257958  0.0023  0.77  0.23   0.01894
260.438197602  0.00228  0.772  0.228   0.01894
264.572137247  0.00222  0.778  0.222   0.01894
268.706076891  0.0021  0.79  0.21   0.01894
272.840016536  0.00208  0.792  0.208   0.01894
276.97395618  0.00206  0.794  0.206   0.01894
281.107895825  0.00197  0.803  0.197   0.01894
285.241835469  0.00196  0.804  0.196   0.01894
289.375775114  0.00189  0.811  0.189   0.01894
293.509714758  0.00187  0.813  0.187   0.01894
297.643654403  0.00184  0.816  0.184   0.01894
301.777594047  0.00182  0.818  0.182   0.01894
305.911533692  0.00178  0.822  0.178   0.01894
310.045473336  0.00173  0.827  0.173   0.01894
314.179412981  0.00166  0.834  0.166   0.01894
318.313352625  0.00161  0.839  0.161   0.01894
322.44729227  0.00159  0.841  0.159   0.01894
326.581231914  0.00153  0.847  0.153   0.01894
330.715171558  0.00149  0.851  0.149   0.01894
334.849111203  0.00144  0.856  0.144   0.01894
338.983050847  0.0014  0.86  0.14   0.01894
343.116990492  0.00137  0.863  0.137   0.01894
347.250930136  0.00135  0.865  0.135   0.01894
351.384869781  0.00131  0.869  0.131   0.01894
355.518809425  0.0013  0.87  0.13   0.01894
359.65274907  0.0013  0.87  0.13   0.01894
363.786688714  0.00123  0.877  0.123   0.01894
367.920628359  0.00117  0.883  0.117   0.01894
372.054568003  0.00115  0.885  0.115   0.01894
376.188507648  0.00112  0.888  0.112   0.01894
380.322447292  0.00108  0.892  0.108   0.01894
384.456386937  0.00106  0.894  0.106   0.01894
388.590326581  0.001  0.9  0.1   0.01894
392.724266226  0.00096  0.904  0.096   0.01894
396.85820587  0.00095  0.905  0.095   0.01894
400.992145515  0.00092  0.908  0.092   0.01894
405.126085159  0.00089  0.911  0.089   0.01894
409.260024804  0.00087  0.913  0.087   0.01894
413.393964448  0.00086  0.914  0.086   0.01894
417.527904093  0.00083  0.917  0.083   0.01894
421.661843737  0.00083  0.917  0.083   0.01894
425.795783382  0.0008  0.92  0.08   0.01894
429.929723026  0.00078  0.922  0.078   0.01894
434.063662671  0.00078  0.922  0.078   0.01894
438.197602315  0.00075  0.925  0.075   0.01894
442.331541959  0.00075  0.925  0.075   0.01894
446.465481604  0.00074  0.926  0.074   0.01894
450.599421248  0.00073  0.927  0.073   0.01894
454.733360893  0.00071  0.929  0.071   0.01894
458.867300537  0.00067  0.933  0.067   0.01894
463.001240182  0.00065  0.935  0.065   0.01894
467.135179826  0.00064  0.936  0.064   0.01894
471.269119471  0.00061  0.939  0.061   0.01894
475.403059115  0.00062  0.938  0.062   0.01894
479.53699876  0.00061  0.939  0.061   0.01894
483.670938404  0.00061  0.939  0.061   0.01894
487.804878049  0.0006  0.94  0.06   0.01894
491.938817693  0.00059  0.941  0.059   0.01894
496.072757338  0.00061  0.939  0.061   0.01894
500.206696982  0.00061  0.939  0.061   0.01894
504.340636627  0.0006  0.94  0.06   0.01894
508.474576271  0.00058  0.942  0.058   0.01894
512.608515916  0.00055  0.945  0.055   0.01894
516.74245556  0.00053  0.947  0.053   0.01894
520.876395205  0.00052  0.948  0.052   0.01894
525.010334849  0.0005  0.95  0.05   0.01894
529.144274494  0.00048  0.952  0.048   0.01894
533.278214138  0.00046  0.954  0.046   0.01894
537.412153783  0.00046  0.954  0.046   0.01894
541.546093427  0.00046  0.954  0.046   0.01894
545.680033072  0.00046  0.954  0.046   0.01894
549.813972716  0.00046  0.954  0.046   0.01894
553.94791236  0.00045  0.955  0.045   0.01894
558.081852005  0.00045  0.955  0.045   0.01894
562.215791649  0.00046  0.954  0.046   0.01894
566.349731294  0.00044  0.956  0.044   0.01894
570.483670938  0.00042  0.958  0.042   0.01894
574.617610583  0.00042  0.958  0.042   0.01894
578.751550227  0.00042  0.958  0.042   0.01894
582.885489872  0.00041  0.959  0.041   0.01894
587.019429516  0.0004  0.96  0.04   0.01894
591.153369161  0.0004  0.96  0.04   0.01894
595.287308805  0.0004  0.96  0.04   0.01894
599.42124845  0.0004  0.96  0.04   0.01894
603.555188094  0.00037  0.963  0.037   0.01894
607.689127739  0.00035  0.965  0.035   0.01894
611.823067383  0.00036  0.964  0.036   0.01894
615.957007028  0.00036  0.964  0.036   0.01894
620.090946672  0.00037  0.963  0.037   0.01894
624.224886317  0.00039  0.961  0.039   0.01894
628.358825961  0.00037  0.963  0.037   0.01894
632.492765606  0.00037  0.963  0.037   0.01894
636.62670525  0.00038  0.962  0.038   0.01894
640.760644895  0.00036  0.964  0.036   0.01894
644.894584539  0.00037  0.963  0.037   0.01894
649.028524184  0.00036  0.964  0.036   0.01894
653.162463828  0.00035  0.965  0.035   0.01894
657.296403473  0.00035  0.965  0.035   0.01894
661.430343117  0.00035  0.965  0.035   0.01894
665.564282761  0.00034  0.966  0.034   0.01894
669.698222406  0.00034  0.966  0.034   0.01894
673.83216205  0.00034  0.966  0.034   0.01894
677.966101695  0.00035  0.965  0.035   0.01894
682.100041339  0.00035  0.965  0.035   0.01894
686.233980984  0.00035  0.965  0.035   0.01894
690.367920628  0.00034  0.966  0.034   0.01894
694.501860273  0.00032  0.968  0.032   0.01894
698.635799917  0.00032  0.968  0.032   0.01894
702.769739562  0.00032  0.968  0.032   0.01894
706.903679206  0.00031  0.969  0.031   0.01894
711.037618851  0.00032  0.968  0.032   0.01894
715.171558495  0.00031  0.969  0.031   0.01894
719.30549814  0.00029  0.971  0.029   0.01894
723.439437784  0.00028  0.972  0.028   0.01894
727.573377429  0.00028  0.972  0.028   0.01894
731.707317073  0.00027  0.973  0.027   0.01894
735.841256718  0.00024  0.976  0.024   0.01894
739.975196362  0.00024  0.976  0.024   0.01894
744.109136007  0.00023  0.977  0.023   0.01894
748.243075651  0.00023  0.977  0.023   0.01894
752.377015296  0.00023  0.977  0.023   0.01894
756.51095494  0.00023  0.977  0.023   0.01894
760.644894585  0.00023  0.977  0.023   0.01894
764.778834229  0.00023  0.977  0.023   0.01894
768.912773874  0.00023  0.977  0.023   0.01894
773.046713518  0.00022  0.978  0.022   0.01894
777.180653162  0.00021  0.979  0.021   0.01894
781.314592807  0.00021  0.979  0.021   0.01894
785.448532451  0.00021  0.979  0.021   0.01894
789.582472096  0.00022  0.978  0.022   0.01894
793.71641174  0.00022  0.978  0.022   0.01894
797.850351385  0.00023  0.977  0.023   0.01894
801.984291029  0.00021  0.979  0.021   0.01894
806.118230674  0.00021  0.979  0.021   0.01894
810.252170318  0.00018  0.982  0.018   0.01894
814.386109963  0.00018  0.982  0.018   0.01894
818.520049607  0.00018  0.982  0.018   0.01894
822.653989252  0.00018  0.982  0.018   0.01894
826.787928896  0.00018  0.982  0.018   0.01894
830.921868541  0.00018  0.982  0.018   0.01894
835.055808185  0.00019  0.981  0.019   0.01894
839.18974783  0.00019  0.981  0.019   0.01894
843.323687474  0.00019  0.981  0.019   0.01894
847.457627119  0.0002  0.98  0.02   0.01894
851.591566763  0.00021  0.979  0.021   0.01894
855.725506408  0.00021  0.979  0.021   0.01894
859.859446052  0.00021  0.979  0.021   0.01894
863.993385697  0.00022  0.978  0.022   0.01894
868.127325341  0.00023  0.977  0.023   0.01894
872.261264986  0.00022  0.978  0.022   0.01894
876.39520463  0.00023  0.977  0.023   0.01894
880.529144274  0.00022  0.978  0.022   0.01894
884.663083919  0.00022  0.978  0.022   0.01894
888.797023563  0.00022  0.978  0.022   0.01894
892.930963208  0.00023  0.977  0.023   0.01894
897.064902852  0.00024  0.976  0.024   0.01894
901.198842497  0.00024  0.976  0.024   0.01894
905.332782141  0.00025  0.975  0.025   0.01894
909.466721786  0.00026  0.974  0.026   0.01894
913.60066143  0.00027  0.973  0.027   0.01894
917.734601075  0.00027  0.973  0.027   0.01894
921.868540719  0.00027  0.973  0.027   0.01894
926.002480364  0.00028  0.972  0.028   0.01894
930.136420008  0.00027  0.973  0.027   0.01894
934.270359653  0.00027  0.973  0.027   0.01894
938.404299297  0.00028  0.972  0.028   0.01894
942.538238942  0.00029  0.971  0.029   0.01894
946.672178586  0.00028  0.972  0.028   0.01894
950.806118231  0.00028  0.972  0.028   0.01894
954.940057875  0.00028  0.972  0.028   0.01894
959.07399752  0.00026  0.974  0.026   0.01894
963.207937164  0.00026  0.974  0.026   0.01894
967.341876809  0.00026  0.974  0.026   0.01894
971.475816453  0.00026  0.974  0.026   0.01894
975.609756098  0.00026  0.974  0.026   0.01894
979.743695742  0.00024  0.976  0.024   0.01894
983.877635387  0.00024  0.976  0.024   0.01894
988.011575031  0.00023  0.977  0.023   0.01894
992.145514675  0.00023  0.977  0.023   0.01894
996.27945432  0.00023  0.977  0.023   0.01894
1000.41339396  0.00024  0.976  0.024   0.01894
1004.54733361  0.00024  0.976  0.024   0.01894
1008.68127325  0.00022  0.978  0.022   0.01894
1012.8152129  0.00024  0.976  0.024   0.01894
1016.94915254  0.00024  0.976  0.024   0.01894
1021.08309219  0.00023  0.977  0.023   0.01894
1025.21703183  0.00023  0.977  0.023   0.01894
1029.35097148  0.00023  0.977  0.023   0.01894
1033.48491112  0.00022  0.978  0.022   0.01894
1037.61885076  0.00022  0.978  0.022   0.01894
1041.75279041  0.00023  0.977  0.023   0.01894
1045.88673005  0.00023  0.977  0.023   0.01894
1050.0206697  0.00022  0.978  0.022   0.01894
1054.15460934  0.0002  0.98  0.02   0.01894
1058.28854899  0.0002  0.98  0.02   0.01894
1062.42248863  0.00022  0.978  0.022   0.01894
1066.55642828  0.00021  0.979  0.021   0.01894
1070.69036792  0.00023  0.977  0.023   0.01894
1074.82430757  0.00022  0.978  0.022   0.01894
1078.95824721  0.00022  0.978  0.022   0.01894
1083.09218685  0.00022  0.978  0.022   0.01894
1087.2261265  0.00021  0.979  0.021   0.01894
1091.36006614  0.0002  0.98  0.02   0.01894
1095.49400579  0.00018  0.982  0.018   0.01894
1099.62794543  0.00019  0.981  0.019   0.01894
1103.76188508  0.00018  0.982  0.018   0.01894
1107.89582472  0.00018  0.982  0.018   0.01894
1112.02976437  0.00018  0.982  0.018   0.01894
1116.16370401  0.00018  0.982  0.018   0.01894
1120.29764365  0.00016  0.984  0.016   0.01894
1124.4315833  0.00017  0.983  0.017   0.01894
1128.56552294  0.00017  0.983  0.017   0.01894
1132.69946259  0.00018  0.982  0.018   0.01894
1136.83340223  0.00018  0.982  0.018   0.01894
1140.96734188  0.00021  0.979  0.021   0.01894
1145.10128152  0.00021  0.979  0.021   0.01894
1149.23522117  0.00023  0.977  0.023   0.01894
1153.36916081  0.00023  0.977  0.023   0.01894
1157.50310045  0.00023  0.977  0.023   0.01894
1161.6370401  0.00023  0.977  0.023   0.01894
1165.77097974  0.00024  0.976  0.024   0.01894
1169.90491939  0.00023  0.977  0.023   0.01894
1174.03885903  0.00023  0.977  0.023   0.01894
1178.17279868  0.00025  0.975  0.025   0.01894
1182.30673832  0.00025  0.975  0.025   0.01894
1186.44067797  0.00025  0.975  0.025   0.01894
1190.57461761  0.00023  0.977  0.023   0.01894
1194.70855726  0.00023  0.977  0.023   0.01894
1198.8424969  0.00024  0.976  0.024   0.01894
1202.97643654  0.00024  0.976  0.024   0.01894
1207.11037619  0.00024  0.976  0.024   0.01894
1211.24431583  0.00024  0.976  0.024   0.01894
1215.37825548  0.00025  0.975  0.025   0.01894
1219.51219512  0.00024  0.976  0.024   0.01894
1223.64613477  0.00023  0.977  0.023   0.01894
1227.78007441  0.00023  0.977  0.023   0.01894
1231.91401406  0.00021  0.979  0.021   0.01894
1236.0479537  0.0002  0.98  0.02   0.01894
1240.18189334  0.0002  0.98  0.02   0.01894
1244.31583299  0.0002  0.98  0.02   0.01894
1248.44977263  0.0002  0.98  0.02   0.01894
1252.58371228  0.0002  0.98  0.02   0.01894
1256.71765192  0.00019  0.981  0.019   0.01894
1260.85159157  0.0002  0.98  0.02   0.01894
1264.98553121  0.0002  0.98  0.02   0.01894
1269.11947086  0.00019  0.981  0.019   0.01894
1273.2534105  0.00018  0.982  0.018   0.01894
1277.38735014  0.00018  0.982  0.018   0.01894
1281.52128979  0.0002  0.98  0.02   0.01894
1285.65522943  0.00021  0.979  0.021   0.01894
1289.78916908  0.0002  0.98  0.02   0.01894
1293.92310872  0.00022  0.978  0.022   0.01894
1298.05704837  0.00021  0.979  0.021   0.01894
1302.19098801  0.00021  0.979  0.021   0.01894
1306.32492766  0.0002  0.98  0.02   0.01894
1310.4588673  0.00021  0.979  0.021   0.01894
1314.59280695  0.00021  0.979  0.021   0.01894
1318.72674659  0.00022  0.978  0.022   0.01894
1322.86068623  0.00021  0.979  0.021   0.01894
1326.99462588  0.0002  0.98  0.02   0.01894
1331.12856552  0.00021  0.979  0.021   0.01894
1335.26250517  0.00022  0.978  0.022   0.01894
1339.39644481  0.00021  0.979  0.021   0.01894
1343.53038446  0.00022  0.978  0.022   0.01894
1347.6643241  0.00022  0.978  0.022   0.01894
1351.79826375  0.00021  0.979  0.021   0.01894
1355.93220339  0.00022  0.978  0.022   0.01894
1360.06614303  0.00023  0.977  0.023   0.01894
1364.20008268  0.00025  0.975  0.025   0.01894
1368.33402232  0.00023  0.977  0.023   0.01894
1372.46796197  0.00021  0.979  0.021   0.01894
1376.60190161  0.00021  0.979  0.021   0.01894
1380.73584126  0.00022  0.978  0.022   0.01894
1384.8697809  0.00022  0.978  0.022   0.01894
1389.00372055  0.00022  0.978  0.022   0.01894
1393.13766019  0.00022  0.978  0.022   0.01894
1397.27159983  0.00024  0.976  0.024   0.01894
1401.40553948  0.00025  0.975  0.025   0.01894
1405.53947912  0.00025  0.975  0.025   0.01894
1409.67341877  0.00025  0.975  0.025   0.01894
1413.80735841  0.00024  0.976  0.024   0.01894
1417.94129806  0.00026  0.974  0.026   0.01894
1422.0752377  0.00027  0.973  0.027   0.01894
1426.20917735  0.00027  0.973  0.027   0.01894
1430.34311699  0.00026  0.974  0.026   0.01894
1434.47705663  0.00027  0.973  0.027   0.01894
1438.61099628  0.00027  0.973  0.027   0.01894
1442.74493592  0.00026  0.974  0.026   0.01894
1446.87887557  0.00025  0.975  0.025   0.01894
1451.01281521  0.00025  0.975  0.025   0.01894
1455.14675486  0.00024  0.976  0.024   0.01894
1459.2806945  0.00023  0.977  0.023   0.01894
1463.41463415  0.00022  0.978  0.022   0.01894
1467.54857379  0.00022  0.978  0.022   0.01894
1471.68251344  0.00022  0.978  0.022   0.01894
1475.81645308  0.00023  0.977  0.023   0.01894
1479.95039272  0.00023  0.977  0.023   0.01894
1484.08433237  0.00023  0.977  0.023   0.01894
1488.21827201  0.00023  0.977  0.023   0.01894
1492.35221166  0.00022  0.978  0.022   0.01894
1496.4861513  0.00022  0.978  0.022   0.01894
1500.62009095  0.00023  0.977  0.023   0.01894
1504.75403059  0.00023  0.977  0.023   0.01894
1508.88797024  0.00023  0.977  0.023   0.01894
1513.02190988  0.00023  0.977  0.023   0.01894
1517.15584952  0.00023  0.977  0.023   0.01894
1521.28978917  0.00023  0.977  0.023   0.01894
1525.42372881  0.00023  0.977  0.023   0.01894
1529.55766846  0.00023  0.977  0.023   0.01894
1533.6916081  0.00024  0.976  0.024   0.01894
1537.82554775  0.00023  0.977  0.023   0.01894
1541.95948739  0.00022  0.978  0.022   0.01894
1546.09342704  0.00023  0.977  0.023   0.01894
1550.22736668  0.00023  0.977  0.023   0.01894
1554.36130632  0.00024  0.976  0.024   0.01894
1558.49524597  0.00025  0.975  0.025   0.01894
1562.62918561  0.00024  0.976  0.024   0.01894
1566.76312526  0.00023  0.977  0.023   0.01894
1570.8970649  0.00023  0.977  0.023   0.01894
1575.03100455  0.00024  0.976  0.024   0.01894
1579.16494419  0.00025  0.975  0.025   0.01894
1583.29888384  0.00025  0.975  0.025   0.01894
1587.43282348  0.00024  0.976  0.024   0.01894
1591.56676313  0.00024  0.976  0.024   0.01894
1595.70070277  0.00025  0.975  0.025   0.01894
1599.83464241  0.00026  0.974  0.026   0.01894
1603.96858206  0.00027  0.973  0.027   0.01894
1608.1025217  0.00026  0.974  0.026   0.01894
1612.23646135  0.00026  0.974  0.026   0.01894
1616.37040099  0.00027  0.973  0.027   0.01894
1620.50434064  0.00028  0.972  0.028   0.01894
1624.63828028  0.00028  0.972  0.028   0.01894
1628.77221993  0.00028  0.972  0.028   0.01894
1632.90615957  0.00028  0.972  0.028   0.01894
1637.04009921  0.00028  0.972  0.028   0.01894
1641.17403886  0.00028  0.972  0.028   0.01894
1645.3079785  0.00029  0.971  0.029   0.01894
1649.44191815  0.00029  0.971  0.029   0.01894
1653.57585779  0.00029  0.971  0.029   0.01894
1657.70979744  0.00028  0.972  0.028   0.01894
1661.84373708  0.00027  0.973  0.027   0.01894
1665.97767673  0.00027  0.973  0.027   0.01894
1670.11161637  0.00028  0.972  0.028   0.01894
1674.24555601  0.00027  0.973  0.027   0.01894
1678.37949566  0.00027  0.973  0.027   0.01894
1682.5134353  0.00027  0.973  0.027   0.01894
1686.64737495  0.00024  0.976  0.024   0.01894
1690.78131459  0.00024  0.976  0.024   0.01894
1694.91525424  0.00025  0.975  0.025   0.01894
1699.04919388  0.00025  0.975  0.025   0.01894
1703.18313353  0.00024  0.976  0.024   0.01894
1707.31707317  0.00024  0.976  0.024   0.01894
1711.45101282  0.00025  0.975  0.025   0.01894
1715.58495246  0.00024  0.976  0.024   0.01894
1719.7188921  0.00026  0.974  0.026   0.01894
1723.85283175  0.00025  0.975  0.025   0.01894
1727.98677139  0.00025  0.975  0.025   0.01894
1732.12071104  0.00024  0.976  0.024   0.01894
1736.25465068  0.00024  0.976  0.024   0.01894
1740.38859033  0.00024  0.976  0.024   0.01894
1744.52252997  0.00025  0.975  0.025   0.01894
1748.65646962  0.00025  0.975  0.025   0.01894
1752.79040926  0.00026  0.974  0.026   0.01894
1756.9243489  0.00025  0.975  0.025   0.01894
1761.05828855  0.00024  0.976  0.024   0.01894
1765.19222819  0.00024  0.976  0.024   0.01894
1769.32616784  0.00024  0.976  0.024   0.01894
1773.46010748  0.00023  0.977  0.023   0.01894
1777.59404713  0.00022  0.978  0.022   0.01894
1781.72798677  0.00023  0.977  0.023   0.01894
1785.86192642  0.00022  0.978  0.022   0.01894
1789.99586606  0.00023  0.977  0.023   0.01894
1794.1298057  0.00023  0.977  0.023   0.01894
1798.26374535  0.00022  0.978  0.022   0.01894
1802.39768499  0.00022  0.978  0.022   0.01894
1806.53162464  0.00022  0.978  0.022   0.01894
1810.66556428  0.00022  0.978  0.022   0.01894
1814.79950393  0.00024  0.976  0.024   0.01894
1818.93344357  0.00024  0.976  0.024   0.01894
1823.06738322  0.00025  0.975  0.025   0.01894
1827.20132286  0.00025  0.975  0.025   0.01894
1831.33526251  0.00025  0.975  0.025   0.01894
1835.46920215  0.00024  0.976  0.024   0.01894
1839.60314179  0.00024  0.976  0.024   0.01894
1843.73708144  0.00024  0.976  0.024   0.01894
1847.87102108  0.00022  0.978  0.022   0.01894
1852.00496073  0.00021  0.979  0.021   0.01894
1856.13890037  0.00021  0.979  0.021   0.01894
1860.27284002  0.00021  0.979  0.021   0.01894
1864.40677966  0.00022  0.978  0.022   0.01894
1868.54071931  0.00022  0.978  0.022   0.01894
1872.67465895  0.00021  0.979  0.021   0.01894
1876.80859859  0.0002  0.98  0.02   0.01894
1880.94253824  0.00021  0.979  0.021   0.01894
1885.07647788  0.00021  0.979  0.021   0.01894
1889.21041753  0.00022  0.978  0.022   0.01894
1893.34435717  0.00021  0.979  0.021   0.01894
1897.47829682  0.00021  0.979  0.021   0.01894
1901.61223646  0.00022  0.978  0.022   0.01894
1905.74617611  0.00022  0.978  0.022   0.01894
1909.88011575  0.00021  0.979  0.021   0.01894
1914.01405539  0.00021  0.979  0.021   0.01894
1918.14799504  0.0002  0.98  0.02   0.01894
1922.28193468  0.00021  0.979  0.021   0.01894
1926.41587433  0.00022  0.978  0.022   0.01894
1930.54981397  0.00022  0.978  0.022   0.01894
1934.68375362  0.00021  0.979  0.021   0.01894
1938.81769326  0.00021  0.979  0.021   0.01894
1942.95163291  0.00022  0.978  0.022   0.01894
1947.08557255  0.00022  0.978  0.022   0.01894
1951.2195122  0.00022  0.978  0.022   0.01894
1955.35345184  0.00021  0.979  0.021   0.01894
1959.48739148  0.00021  0.979  0.021   0.01894
1963.62133113  0.00019  0.981  0.019   0.01894
1967.75527077  0.00021  0.979  0.021   0.01894
1971.88921042  0.00021  0.979  0.021   0.01894
1976.02315006  0.00021  0.979  0.021   0.01894
1980.15708971  0.00021  0.979  0.021   0.01894
1984.29102935  0.0002  0.98  0.02   0.01894
1988.424969  0.00021  0.979  0.021   0.01894
1992.55890864  0.00021  0.979  0.021   0.01894
1996.69284828  0.00022  0.978  0.022   0.01894
2000.82678793  0.00021  0.979  0.021   0.01894
2004.96072757  0.00021  0.979  0.021   0.01894
2009.09466722  0.0002  0.98  0.02   0.01894
2013.22860686  0.0002  0.98  0.02   0.01894
2017.36254651  0.0002  0.98  0.02   0.01894
2021.49648615  0.0002  0.98  0.02   0.01894
2025.6304258  0.0002  0.98  0.02   0.01894
2029.76436544  0.0002  0.98  0.02   0.01894
2033.89830508  0.00019  0.981  0.019   0.01894
2038.03224473  0.00019  0.981  0.019   0.01894
2042.16618437  0.00019  0.981  0.019   0.01894
2046.30012402  0.00019  0.981  0.019   0.01894
2050.43406366  0.0002  0.98  0.02   0.01894
2054.56800331  0.0002  0.98  0.02   0.01894
2058.70194295  0.0002  0.98  0.02   0.01894
2062.8358826  0.0002  0.98  0.02   0.01894
2066.96982224  0.0002  0.98  0.02   0.01894
2071.10376189  0.0002  0.98  0.02   0.01894
2075.23770153  0.0002  0.98  0.02   0.01894
2079.37164117  0.00019  0.981  0.019   0.01894
2083.50558082  0.00019  0.981  0.019   0.01894
2087.63952046  0.0002  0.98  0.02   0.01894
2091.77346011  0.00021  0.979  0.021   0.01894
2095.90739975  0.0002  0.98  0.02   0.01894
2100.0413394  0.00019  0.981  0.019   0.01894
2104.17527904  0.00019  0.981  0.019   0.01894
2108.30921869  0.00019  0.981  0.019   0.01894
2112.44315833  0.00017  0.983  0.017   0.01894
2116.57709797  0.00017  0.983  0.017   0.01894
2120.71103762  0.00015  0.985  0.015   0.01894
2124.84497726  0.00015  0.985  0.015   0.01894
2128.97891691  0.00015  0.985  0.015   0.01894
2133.11285655  0.00015  0.985  0.015   0.01894
2137.2467962  0.00017  0.983  0.017   0.01894
2141.38073584  0.00018  0.982  0.018   0.01894
2145.51467549  0.00018  0.982  0.018   0.01894
2149.64861513  0.00018  0.982  0.018   0.01894
2153.78255477  0.00018  0.982  0.018   0.01894
2157.91649442  0.00019  0.981  0.019   0.01894
2162.05043406  0.0002  0.98  0.02   0.01894
2166.18437371  0.00021  0.979  0.021   0.01894
2170.31831335  0.0002  0.98  0.02   0.01894
2174.452253  0.00019  0.981  0.019   0.01894
2178.58619264  0.00019  0.981  0.019   0.01894
2182.72013229  0.00019  0.981  0.019   0.01894
2186.85407193  0.0002  0.98  0.02   0.01894
2190.98801158  0.0002  0.98  0.02   0.01894
2195.12195122  0.00019  0.981  0.019   0.01894
2199.25589086  0.00019  0.981  0.019   0.01894
2203.38983051  0.00019  0.981  0.019   0.01894
2207.52377015  0.0002  0.98  0.02   0.01894
2211.6577098  0.0002  0.98  0.02   0.01894
2215.79164944  0.00019  0.981  0.019   0.01894
2219.92558909  0.00021  0.979  0.021   0.01894
2224.05952873  0.0002  0.98  0.02   0.01894
2228.19346838  0.00019  0.981  0.019   0.01894
2232.32740802  0.00018  0.982  0.018   0.01894
2236.46134766  0.00018  0.982  0.018   0.01894
2240.59528731  0.00018  0.982  0.018   0.01894
2244.72922695  0.00019  0.981  0.019   0.01894
2248.8631666  0.0002  0.98  0.02   0.01894
2252.99710624  0.0002  0.98  0.02   0.01894
2257.13104589  0.0002  0.98  0.02   0.01894
2261.26498553  0.0002  0.98  0.02   0.01894
2265.39892518  0.0002  0.98  0.02   0.01894
2269.53286482  0.00019  0.981  0.019   0.01894
2273.66680446  0.00019  0.981  0.019   0.01894
2277.80074411  0.0002  0.98  0.02   0.01894
2281.93468375  0.00019  0.981  0.019   0.01894
2286.0686234  0.00018  0.982  0.018   0.01894
2290.20256304  0.00016  0.984  0.016   0.01894
2294.33650269  0.00017  0.983  0.017   0.01894
2298.47044233  0.00017  0.983  0.017   0.01894
2302.60438198  0.00018  0.982  0.018   0.01894
2306.73832162  0.00018  0.982  0.018   0.01894
2310.87226126  0.00017  0.983  0.017   0.01894
2315.00620091  0.00017  0.983  0.017   0.01894
2319.14014055  0.00017  0.983  0.017   0.01894
2323.2740802  0.00017  0.983  0.017   0.01894
2327.40801984  0.00018  0.982  0.018   0.01894
2331.54195949  0.00019  0.981  0.019   0.01894
2335.67589913  0.00019  0.981  0.019   0.01894
2339.80983878  0.00019  0.981  0.019   0.01894
2343.94377842  0.00019  0.981  0.019   0.01894
2348.07771807  0.00019  0.981  0.019   0.01894
2352.21165771  0.00019  0.981  0.019   0.01894
2356.34559735  0.00019  0.981  0.019   0.01894
2360.479537  0.0002  0.98  0.02   0.01894
2364.61347664  0.0002  0.98  0.02   0.01894
2368.74741629  0.0002  0.98  0.02   0.01894
2372.88135593  0.0002  0.98  0.02   0.01894
2377.01529558  0.0002  0.98  0.02   0.01894
2381.14923522  0.00019  0.981  0.019   0.01894
2385.28317487  0.00018  0.982  0.018   0.01894
2389.41711451  0.00017  0.983  0.017   0.01894
2393.55105415  0.00016  0.984  0.016   0.01894
2397.6849938  0.00017  0.983  0.017   0.01894
2401.81893344  0.00019  0.981  0.019   0.01894
2405.95287309  0.00019  0.981  0.019   0.01894
2410.08681273  0.00019  0.981  0.019   0.01894
2414.22075238  0.0002  0.98  0.02   0.01894
2418.35469202  0.00022  0.978  0.022   0.01894
2422.48863167  0.00022  0.978  0.022   0.01894
2426.62257131  0.00023  0.977  0.023   0.01894
2430.75651095  0.00024  0.976  0.024   0.01894
2434.8904506  0.00024  0.976  0.024   0.01894
2439.02439024  0.00026  0.974  0.026   0.01894
2443.15832989  0.00026  0.974  0.026   0.01894
2447.29226953  0.00026  0.974  0.026   0.01894
2451.42620918  0.00027  0.973  0.027   0.01894
2455.56014882  0.00028  0.972  0.028   0.01894
2459.69408847  0.00028  0.972  0.028   0.01894
2463.82802811  0.00028  0.972  0.028   0.01894
2467.96196776  0.00028  0.972  0.028   0.01894
2472.0959074  0.00027  0.973  0.027   0.01894
2476.22984704  0.00028  0.972  0.028   0.01894
2480.36378669  0.00027  0.973  0.027   0.01894
2484.49772633  0.00027  0.973  0.027   0.01894
2488.63166598  0.00028  0.972  0.028   0.01894
2492.76560562  0.0003  0.97  0.03   0.01894
2496.89954527  0.0003  0.97  0.03   0.01894
2501.03348491  0.00031  0.969  0.031   0.01894
2505.16742456  0.00032  0.968  0.032   0.01894
2509.3013642  0.00033  0.967  0.033   0.01894
2513.43530384  0.00033  0.967  0.033   0.01894
2517.56924349  0.00032  0.968  0.032   0.01894
2521.70318313  0.00033  0.967  0.033   0.01894
2525.83712278  0.00034  0.966  0.034   0.01894
2529.97106242  0.00035  0.965  0.035   0.01894
2534.10500207  0.00035  0.965  0.035   0.01894
2538.23894171  0.00035  0.965  0.035   0.01894
2542.37288136  0.00035  0.965  0.035   0.01894
2546.506821  0.00034  0.966  0.034   0.01894
2550.64076064  0.00032  0.968  0.032   0.01894
2554.77470029  0.00032  0.968  0.032   0.01894
2558.90863993  0.00033  0.967  0.033   0.01894
2563.04257958  0.00033  0.967  0.033   0.01894
2567.17651922  0.0003  0.97  0.03   0.01894
2571.31045887  0.00029  0.971  0.029   0.01894
2575.44439851  0.0003  0.97  0.03   0.01894
2579.57833816  0.0003  0.97  0.03   0.01894
2583.7122778  0.0003  0.97  0.03   0.01894
2587.84621745  0.00029  0.971  0.029   0.01894
2591.98015709  0.00031  0.969  0.031   0.01894
2596.11409673  0.0003  0.97  0.03   0.01894
2600.24803638  0.00029  0.971  0.029   0.01894
2604.38197602  0.0003  0.97  0.03   0.01894
2608.51591567  0.00029  0.971  0.029   0.01894
2612.64985531  0.00028  0.972  0.028   0.01894
2616.78379496  0.00029  0.971  0.029   0.01894
2620.9177346  0.00028  0.972  0.028   0.01894
2625.05167425  0.00028  0.972  0.028   0.01894
2629.18561389  0.00028  0.972  0.028   0.01894
2633.31955353  0.00027  0.973  0.027   0.01894
2637.45349318  0.00024  0.976  0.024   0.01894
2641.58743282  0.00023  0.977  0.023   0.01894
2645.72137247  0.00023  0.977  0.023   0.01894
2649.85531211  0.00023  0.977  0.023   0.01894
2653.98925176  0.00023  0.977  0.023   0.01894
2658.1231914  0.00022  0.978  0.022   0.01894
2662.25713105  0.00022  0.978  0.022   0.01894
2666.39107069  0.00021  0.979  0.021   0.01894
2670.52501033  0.00021  0.979  0.021   0.01894
2674.65894998  0.00021  0.979  0.021   0.01894
2678.79288962  0.0002  0.98  0.02   0.01894
2682.92682927  0.00021  0.979  0.021   0.01894
2687.06076891  0.0002  0.98  0.02   0.01894
2691.19470856  0.00021  0.979  0.021   0.01894
2695.3286482  0.0002  0.98  0.02   0.01894
2699.46258785  0.0002  0.98  0.02   0.01894
2703.59652749  0.0002  0.98  0.02   0.01894
2707.73046714  0.00021  0.979  0.021   0.01894
2711.86440678  0.00021  0.979  0.021   0.01894
2715.99834642  0.00021  0.979  0.021   0.01894
2720.13228607  0.00021  0.979  0.021   0.01894
2724.26622571  0.00023  0.977  0.023   0.01894
2728.40016536  0.00024  0.976  0.024   0.01894
2732.534105  0.00024  0.976  0.024   0.01894
2736.66804465  0.00024  0.976  0.024   0.01894
2740.80198429  0.00025  0.975  0.025   0.01894
2744.93592394  0.00024  0.976  0.024   0.01894
2749.06986358  0.00024  0.976  0.024   0.01894
2753.20380322  0.00024  0.976  0.024   0.01894
2757.33774287  0.00025  0.975  0.025   0.01894
2761.47168251  0.00025  0.975  0.025   0.01894
2765.60562216  0.00025  0.975  0.025   0.01894
2769.7395618  0.00024  0.976  0.024   0.01894
2773.87350145  0.00024  0.976  0.024   0.01894
2778.00744109  0.00025  0.975  0.025   0.01894
2782.14138074  0.00025  0.975  0.025   0.01894
2786.27532038  0.00026  0.974  0.026   0.01894
2790.40926002  0.00026  0.974  0.026   0.01894
2794.54319967  0.00027  0.973  0.027   0.01894
2798.67713931  0.00027  0.973  0.027   0.01894
2802.81107896  0.00027  0.973  0.027   0.01894
2806.9450186  0.00028  0.972  0.028   0.01894
2811.07895825  0.0003  0.97  0.03   0.01894
2815.21289789  0.00029  0.971  0.029   0.01894
2819.34683754  0.0003  0.97  0.03   0.01894
2823.48077718  0.00031  0.969  0.031   0.01894
2827.61471683  0.00032  0.968  0.032   0.01894
2831.74865647  0.00033  0.967  0.033   0.01894
2835.88259611  0.00033  0.967  0.033   0.01894
2840.01653576  0.00033  0.967  0.033   0.01894
2844.1504754  0.00033  0.967  0.033   0.01894
2848.28441505  0.00032  0.968  0.032   0.01894
2852.41835469  0.00031  0.969  0.031   0.01894
2856.55229434  0.00031  0.969  0.031   0.01894
2860.68623398  0.00031  0.969  0.031   0.01894
2864.82017363  0.00031  0.969  0.031   0.01894
2868.95411327  0.00031  0.969  0.031   0.01894
2873.08805291  0.00034  0.966  0.034   0.01894
2877.22199256  0.00034  0.966  0.034   0.01894
2881.3559322  0.00035  0.965  0.035   0.01894
2885.48987185  0.00034  0.966  0.034   0.01894
2889.62381149  0.00034  0.966  0.034   0.01894
2893.75775114  0.00033  0.967  0.033   0.01894
2897.89169078  0.00033  0.967  0.033   0.01894
2902.02563043  0.00033  0.967  0.033   0.01894
2906.15957007  0.00035  0.965  0.035   0.01894
2910.29350971  0.00035  0.965  0.035   0.01894
2914.42744936  0.00036  0.964  0.036   0.01894
2918.561389  0.00035  0.965  0.035   0.01894
2922.69532865  0.00036  0.964  0.036   0.01894
2926.82926829  0.00035  0.965  0.035   0.01894
2930.96320794  0.00035  0.965  0.035   0.01894
2935.09714758  0.00033  0.967  0.033   0.01894
2939.23108723  0.00032  0.968  0.032   0.01894
2943.36502687  0.00032  0.968  0.032   0.01894
2947.49896652  0.00032  0.968  0.032   0.01894
2951.63290616  0.00031  0.969  0.031   0.01894
2955.7668458  0.0003  0.97  0.03   0.01894
2959.90078545  0.0003  0.97  0.03   0.01894
2964.03472509  0.00031  0.969  0.031   0.01894
2968.16866474  0.0003  0.97  0.03   0.01894
2972.30260438  0.00032  0.968  0.032   0.01894
2976.43654403  0.00032  0.968  0.032   0.01894
2980.57048367  0.00033  0.967  0.033   0.01894
2984.70442332  0.00034  0.966  0.034   0.01894
2988.83836296  0.00034  0.966  0.034   0.01894
2992.9723026  0.00033  0.967  0.033   0.01894
2997.10624225  0.00033  0.967  0.033   0.01894
3001.24018189  0.00033  0.967  0.033   0.01894
3005.37412154  0.00033  0.967  0.033   0.01894
3009.50806118  0.00034  0.966  0.034   0.01894
3013.64200083  0.00036  0.964  0.036   0.01894
3017.77594047  0.00036  0.964  0.036   0.01894
3021.90988012  0.00037  0.963  0.037   0.01894
3026.04381976  0.00037  0.963  0.037   0.01894
3030.1777594  0.00035  0.965  0.035   0.01894
3034.31169905  0.00034  0.966  0.034   0.01894
3038.44563869  0.00032  0.968  0.032   0.01894
3042.57957834  0.00031  0.969  0.031   0.01894
3046.71351798  0.00031  0.969  0.031   0.01894
3050.84745763  0.00031  0.969  0.031   0.01894
3054.98139727  0.00032  0.968  0.032   0.01894
3059.11533692  0.00033  0.967  0.033   0.01894
3063.24927656  0.00033  0.967  0.033   0.01894
3067.38321621  0.00033  0.967  0.033   0.01894
3071.51715585  0.00033  0.967  0.033   0.01894
3075.65109549  0.00032  0.968  0.032   0.01894
3079.78503514  0.00032  0.968  0.032   0.01894
3083.91897478  0.00031  0.969  0.031   0.01894
3088.05291443  0.00032  0.968  0.032   0.01894
3092.18685407  0.00034  0.966  0.034   0.01894
3096.32079372  0.00035  0.965  0.035   0.01894
3100.45473336  0.00034  0.966  0.034   0.01894
3104.58867301  0.00034  0.966  0.034   0.01894
3108.72261265  0.00033  0.967  0.033   0.01894
3112.85655229  0.00033  0.967  0.033   0.01894
3116.99049194  0.00034  0.966  0.034   0.01894
3121.12443158  0.00034  0.966  0.034   0.01894
3125.25837123  0.00033  0.967  0.033   0.01894
3129.39231087  0.00032  0.968  0.032   0.01894
3133.52625052  0.00032  0.968  0.032   0.01894
3137.66019016  0.00031  0.969  0.031   0.01894
3141.79412981  0.00032  0.968  0.032   0.01894
3145.92806945  0.00033  0.967  0.033   0.01894
3150.06200909  0.00033  0.967  0.033   0.01894
3154.19594874  0.00033  0.967  0.033   0.01894
3158.32988838  0.00033  0.967  0.033   0.01894
3162.46382803  0.0003  0.97  0.03   0.01894
3166.59776767  0.00028  0.972  0.028   0.01894
3170.73170732  0.00028  0.972  0.028   0.01894
3174.86564696  0.00028  0.972  0.028   0.01894
3178.99958661  0.00028  0.972  0.028   0.01894
3183.13352625  0.00028  0.972  0.028   0.01894
3187.26746589  0.00027  0.973  0.027   0.01894
3191.40140554  0.00028  0.972  0.028   0.01894
3195.53534518  0.00028  0.972  0.028   0.01894
3199.66928483  0.00027  0.973  0.027   0.01894
3203.80322447  0.00027  0.973  0.027   0.01894
3207.93716412  0.00026  0.974  0.026   0.01894
3212.07110376  0.00024  0.976  0.024   0.01894
3216.20504341  0.00023  0.977  0.023   0.01894
3220.33898305  0.00022  0.978  0.022   0.01894
3224.4729227  0.00024  0.976  0.024   0.01894
3228.60686234  0.00025  0.975  0.025   0.01894
3232.74080198  0.00025  0.975  0.025   0.01894
3236.87474163  0.00023  0.977  0.023   0.01894
3241.00868127  0.00024  0.976  0.024   0.01894
3245.14262092  0.00024  0.976  0.024   0.01894
3249.27656056  0.00024  0.976  0.024   0.01894
3253.41050021  0.00024  0.976  0.024   0.01894
3257.54443985  0.00024  0.976  0.024   0.01894
3261.6783795  0.00024  0.976  0.024   0.01894
3265.81231914  0.00023  0.977  0.023   0.01894
3269.94625878  0.00023  0.977  0.023   0.01894
3274.08019843  0.00023  0.977  0.023   0.01894
3278.21413807  0.00023  0.977  0.023   0.01894
3282.34807772  0.00022  0.978  0.022   0.01894
3286.48201736  0.00021  0.979  0.021   0.01894
3290.61595701  0.0002  0.98  0.02   0.01894
3294.74989665  0.00021  0.979  0.021   0.01894
3298.8838363  0.00021  0.979  0.021   0.01894
3303.01777594  0.00023  0.977  0.023   0.01894
3307.15171558  0.00024  0.976  0.024   0.01894
3311.28565523  0.00023  0.977  0.023   0.01894
3315.41959487  0.00023  0.977  0.023   0.01894
3319.55353452  0.00023  0.977  0.023   0.01894
3323.68747416  0.00022  0.978  0.022   0.01894
3327.82141381  0.00021  0.979  0.021   0.01894
3331.95535345  0.00022  0.978  0.022   0.01894
3336.0892931  0.00022  0.978  0.022   0.01894
3340.22323274  0.00022  0.978  0.022   0.01894
3344.35717239  0.00021  0.979  0.021   0.01894
3348.49111203  0.00021  0.979  0.021   0.01894
3352.62505167  0.00022  0.978  0.022   0.01894
3356.75899132  0.00023  0.977  0.023   0.01894
3360.89293096  0.00024  0.976  0.024   0.01894
3365.02687061  0.00025  0.975  0.025   0.01894
3369.16081025  0.00025  0.975  0.025   0.01894
3373.2947499  0.00027  0.973  0.027   0.01894
3377.42868954  0.00028  0.972  0.028   0.01894
3381.56262919  0.00028  0.972  0.028   0.01894
3385.69656883  0.00028  0.972  0.028   0.01894
3389.83050847  0.00028  0.972  0.028   0.01894
3393.96444812  0.00028  0.972  0.028   0.01894
3398.09838776  0.00029  0.971  0.029   0.01894
3402.23232741  0.00029  0.971  0.029   0.01894
3406.36626705  0.00029  0.971  0.029   0.01894
3410.5002067  0.0003  0.97  0.03   0.01894
3414.63414634  0.0003  0.97  0.03   0.01894
3418.76808599  0.0003  0.97  0.03   0.01894
3422.90202563  0.00031  0.969  0.031   0.01894
3427.03596527  0.00031  0.969  0.031   0.01894
3431.16990492  0.00029  0.971  0.029   0.01894
3435.30384456  0.00028  0.972  0.028   0.01894
3439.43778421  0.00028  0.972  0.028   0.01894
3443.57172385  0.00028  0.972  0.028   0.01894
3447.7056635  0.00027  0.973  0.027   0.01894
3451.83960314  0.00028  0.972  0.028   0.01894
3455.97354279  0.00028  0.972  0.028   0.01894
3460.10748243  0.00028  0.972  0.028   0.01894
3464.24142208  0.00028  0.972  0.028   0.01894
3468.37536172  0.00028  0.972  0.028   0.01894
3472.50930136  0.00028  0.972  0.028   0.01894
3476.64324101  0.00028  0.972  0.028   0.01894
3480.77718065  0.00027  0.973  0.027   0.01894
3484.9111203  0.00027  0.973  0.027   0.01894
3489.04505994  0.00027  0.973  0.027   0.01894
3493.17899959  0.00025  0.975  0.025   0.01894
3497.31293923  0.00024  0.976  0.024   0.01894
3501.44687888  0.00023  0.977  0.023   0.01894
3505.58081852  0.00024  0.976  0.024   0.01894
3509.71475816  0.00026  0.974  0.026   0.01894
3513.84869781  0.00026  0.974  0.026   0.01894
3517.98263745  0.00025  0.975  0.025   0.01894
3522.1165771  0.00023  0.977  0.023   0.01894
3526.25051674  0.00023  0.977  0.023   0.01894
3530.38445639  0.00023  0.977  0.023   0.01894
3534.51839603  0.00021  0.979  0.021   0.01894
3538.65233568  0.00021  0.979  0.021   0.01894
3542.78627532  0.0002  0.98  0.02   0.01894
3546.92021496  0.00021  0.979  0.021   0.01894
